   0.2167685E-01
   0.2168820E-01
   0.2169955E-01
   0.2171090E-01
   0.2172226E-01
   0.2173361E-01
   0.2174496E-01
   0.2175631E-01
   0.2176767E-01
   0.2177902E-01
   0.2179037E-01
   0.2180172E-01
   0.2181308E-01
   0.2182443E-01
   0.2183578E-01
   0.2184713E-01
   0.2185849E-01
   0.2186984E-01
   0.2188119E-01
   0.2189254E-01
   0.2190390E-01
   0.2191525E-01
   0.2192660E-01
   0.2193795E-01
   0.2194931E-01
   0.2196066E-01
   0.2197201E-01
   0.2198336E-01
   0.2199472E-01
   0.2200607E-01
   0.2201742E-01
   0.2202877E-01
   0.2204013E-01
   0.2205148E-01
   0.2206283E-01
   0.2207418E-01
   0.2208553E-01
   0.2209689E-01
   0.2210824E-01
   0.2211959E-01
   0.2213094E-01
   0.2214230E-01
   0.2215365E-01
   0.2216500E-01
   0.2217635E-01
   0.2218771E-01
   0.2219906E-01
   0.2221041E-01
   0.2222176E-01
   0.2223312E-01
   0.2224447E-01
   0.2225582E-01
   0.2226717E-01
   0.2227853E-01
   0.2228988E-01
   0.2230123E-01
   0.2231258E-01
   0.2232394E-01
   0.2233529E-01
   0.2234664E-01
   0.2235799E-01
   0.2236935E-01
   0.2238070E-01
   0.2239205E-01
   0.2240340E-01
   0.2241476E-01
   0.2242611E-01
   0.2243746E-01
   0.2244881E-01
   0.2246017E-01
   0.2247152E-01
   0.2248287E-01
   0.2249422E-01
   0.2250557E-01
   0.2251693E-01
   0.2252828E-01
   0.2253963E-01
   0.2255098E-01
   0.2256234E-01
   0.2257369E-01
   0.2258504E-01
   0.2259639E-01
   0.2260775E-01
   0.2261910E-01
   0.2263045E-01
   0.2264180E-01
   0.2265316E-01
   0.2266451E-01
   0.2267586E-01
   0.2268721E-01
   0.2269857E-01
   0.2270992E-01
   0.2272127E-01
   0.2273262E-01
   0.2274398E-01
   0.2275533E-01
   0.2276668E-01
   0.2277803E-01
   0.2278939E-01
   0.2280074E-01
   0.2281209E-01
   0.2282344E-01
   0.2283480E-01
   0.2284615E-01
   0.2285750E-01
   0.2286885E-01
