   0.1000000E-01
   0.1226418E-01
   0.1452836E-01
   0.1679253E-01
   0.1905671E-01
   0.2132089E-01
   0.2358507E-01
   0.2584925E-01
   0.2811342E-01
   0.3037760E-01
   0.3264178E-01
   0.3490596E-01
   0.3717014E-01
   0.3943432E-01
   0.4169849E-01
   0.4396267E-01
   0.4622685E-01
   0.4849103E-01
   0.5075521E-01
   0.5301938E-01
   0.5528356E-01
   0.5754774E-01
   0.5981192E-01
   0.6207610E-01
   0.6434027E-01
   0.6660445E-01
   0.6886863E-01
   0.7113281E-01
   0.7339699E-01
   0.7566117E-01
   0.7792534E-01
   0.8018952E-01
   0.8245370E-01
   0.8471788E-01
   0.8698206E-01
   0.8924623E-01
   0.9151041E-01
   0.9377459E-01
   0.9603877E-01
   0.9830295E-01
   0.1005671E+00
   0.1028313E+00
   0.1050955E+00
   0.1073597E+00
   0.1096238E+00
   0.1118880E+00
   0.1141522E+00
   0.1164164E+00
   0.1186805E+00
   0.1209447E+00
   0.1232089E+00
   0.1254731E+00
   0.1277373E+00
   0.1300014E+00
   0.1322656E+00
   0.1345298E+00
   0.1367940E+00
   0.1390582E+00
   0.1413223E+00
   0.1435865E+00
   0.1458507E+00
   0.1481149E+00
   0.1503790E+00
   0.1526432E+00
   0.1549074E+00
   0.1571716E+00
