   0.2167892E-01
   0.2168820E-01
   0.2169748E-01
   0.2170676E-01
   0.2171604E-01
   0.2172532E-01
   0.2173460E-01
   0.2174388E-01
   0.2175316E-01
   0.2176244E-01
   0.2177172E-01
   0.2178100E-01
   0.2179028E-01
   0.2179956E-01
   0.2180884E-01
   0.2181812E-01
   0.2182740E-01
   0.2183668E-01
   0.2184596E-01
   0.2185524E-01
   0.2186452E-01
   0.2187380E-01
   0.2188308E-01
   0.2189236E-01
   0.2190164E-01
   0.2191092E-01
   0.2192020E-01
   0.2192948E-01
   0.2193876E-01
   0.2194804E-01
   0.2195732E-01
   0.2196660E-01
   0.2197588E-01
   0.2198517E-01
   0.2199445E-01
   0.2200373E-01
   0.2201301E-01
   0.2202229E-01
   0.2203157E-01
   0.2204085E-01
   0.2205013E-01
   0.2205941E-01
   0.2206869E-01
   0.2207797E-01
   0.2208725E-01
   0.2209653E-01
   0.2210581E-01
   0.2211509E-01
   0.2212437E-01
   0.2213365E-01
   0.2214293E-01
   0.2215221E-01
   0.2216149E-01
   0.2217077E-01
   0.2218005E-01
   0.2218933E-01
   0.2219861E-01
   0.2220789E-01
   0.2221717E-01
   0.2222645E-01
   0.2223573E-01
   0.2224501E-01
   0.2225429E-01
   0.2226357E-01
   0.2227285E-01
   0.2228213E-01
   0.2229141E-01
   0.2230069E-01
   0.2230997E-01
   0.2231925E-01
   0.2232853E-01
   0.2233781E-01
   0.2234709E-01
   0.2235637E-01
   0.2236565E-01
   0.2237493E-01
   0.2238421E-01
   0.2239349E-01
   0.2240277E-01
   0.2241205E-01
   0.2242133E-01
   0.2243061E-01
   0.2243989E-01
   0.2244917E-01
   0.2245845E-01
   0.2246773E-01
   0.2247701E-01
   0.2248629E-01
   0.2249557E-01
   0.2250485E-01
   0.2251413E-01
   0.2252341E-01
   0.2253269E-01
   0.2254197E-01
   0.2255125E-01
   0.2256053E-01
   0.2256982E-01
   0.2257910E-01
   0.2258838E-01
   0.2259766E-01
   0.2260694E-01
   0.2261622E-01
   0.2262550E-01
   0.2263478E-01
   0.2264406E-01
   0.2265334E-01
   0.2266262E-01
   0.2267190E-01
   0.2268118E-01
   0.2269046E-01
   0.2269974E-01
   0.2270902E-01
   0.2271830E-01
   0.2272758E-01
   0.2273686E-01
   0.2274614E-01
   0.2275542E-01
   0.2276470E-01
   0.2277398E-01
   0.2278326E-01
   0.2279254E-01
   0.2280182E-01
   0.2281110E-01
   0.2282038E-01
   0.2282966E-01
   0.2283894E-01
   0.2284822E-01
   0.2285750E-01
   0.2286678E-01
