   0.0000000E+00
   0.3228032E-02
   0.6456063E-02
   0.9684095E-02
   0.1291213E-01
   0.1614016E-01
   0.1936819E-01
   0.2259622E-01
   0.2582425E-01
   0.2905229E-01
   0.3228032E-01
   0.3550835E-01
   0.3873638E-01
   0.4196441E-01
   0.4519244E-01
   0.4842048E-01
   0.5164851E-01
   0.5487654E-01
   0.5810457E-01
   0.6133260E-01
   0.6456063E-01
   0.6778867E-01
   0.7101670E-01
   0.7424473E-01
   0.7747276E-01
   0.8070079E-01
   0.8392882E-01
   0.8715686E-01
   0.9038489E-01
   0.9361292E-01
   0.9684095E-01
   0.1000690E+00
   0.1032970E+00
   0.1065250E+00
   0.1097531E+00
   0.1129811E+00
   0.1162091E+00
   0.1194372E+00
   0.1226652E+00
   0.1258932E+00
   0.1291213E+00
   0.1323493E+00
   0.1355773E+00
