   0.2165968E-01
   0.2168820E-01
   0.2171672E-01
   0.2174524E-01
   0.2177376E-01
   0.2180228E-01
   0.2183080E-01
   0.2185932E-01
   0.2188784E-01
   0.2191636E-01
   0.2194488E-01
   0.2197340E-01
   0.2200191E-01
   0.2203043E-01
   0.2205895E-01
   0.2208747E-01
   0.2211599E-01
   0.2214451E-01
   0.2217303E-01
   0.2220155E-01
   0.2223007E-01
   0.2225859E-01
   0.2228711E-01
   0.2231563E-01
   0.2234415E-01
   0.2237267E-01
   0.2240119E-01
   0.2242971E-01
   0.2245823E-01
   0.2248675E-01
   0.2251527E-01
   0.2254379E-01
   0.2257230E-01
   0.2260082E-01
   0.2262934E-01
   0.2265786E-01
   0.2268638E-01
   0.2271490E-01
   0.2274342E-01
   0.2277194E-01
   0.2280046E-01
   0.2282898E-01
   0.2285750E-01
   0.2288602E-01
