   0.2167394E-01
   0.2168820E-01
   0.2170246E-01
   0.2171672E-01
   0.2173098E-01
   0.2174524E-01
   0.2175950E-01
   0.2177376E-01
   0.2178802E-01
   0.2180228E-01
   0.2181654E-01
   0.2183080E-01
   0.2184506E-01
   0.2185932E-01
   0.2187358E-01
   0.2188784E-01
   0.2190210E-01
   0.2191636E-01
   0.2193062E-01
   0.2194488E-01
   0.2195914E-01
   0.2197340E-01
   0.2198765E-01
   0.2200191E-01
   0.2201617E-01
   0.2203043E-01
   0.2204469E-01
   0.2205895E-01
   0.2207321E-01
   0.2208747E-01
   0.2210173E-01
   0.2211599E-01
   0.2213025E-01
   0.2214451E-01
   0.2215877E-01
   0.2217303E-01
   0.2218729E-01
   0.2220155E-01
   0.2221581E-01
   0.2223007E-01
   0.2224433E-01
   0.2225859E-01
   0.2227285E-01
   0.2228711E-01
   0.2230137E-01
   0.2231563E-01
   0.2232989E-01
   0.2234415E-01
   0.2235841E-01
   0.2237267E-01
   0.2238693E-01
   0.2240119E-01
   0.2241545E-01
   0.2242971E-01
   0.2244397E-01
   0.2245823E-01
   0.2247249E-01
   0.2248675E-01
   0.2250101E-01
   0.2251527E-01
   0.2252953E-01
   0.2254379E-01
   0.2255805E-01
   0.2257230E-01
   0.2258656E-01
   0.2260082E-01
   0.2261508E-01
   0.2262934E-01
   0.2264360E-01
   0.2265786E-01
   0.2267212E-01
   0.2268638E-01
   0.2270064E-01
   0.2271490E-01
   0.2272916E-01
   0.2274342E-01
   0.2275768E-01
   0.2277194E-01
   0.2278620E-01
   0.2280046E-01
   0.2281472E-01
   0.2282898E-01
   0.2284324E-01
   0.2285750E-01
   0.2287176E-01
