   0.0000000E+00
   0.8603267E-03
   0.1720653E-02
   0.2580980E-02
   0.3441307E-02
   0.4301634E-02
   0.5161960E-02
   0.6022287E-02
   0.6882614E-02
   0.7742940E-02
   0.8603267E-02
   0.9463594E-02
   0.1032392E-01
   0.1118425E-01
   0.1204457E-01
   0.1290490E-01
   0.1376523E-01
   0.1462555E-01
   0.1548588E-01
   0.1634621E-01
   0.1720653E-01
   0.1806686E-01
   0.1892719E-01
   0.1978751E-01
   0.2064784E-01
   0.2150817E-01
   0.2236849E-01
   0.2322882E-01
   0.2408915E-01
   0.2494947E-01
   0.2580980E-01
   0.2667013E-01
   0.2753045E-01
   0.2839078E-01
   0.2925111E-01
   0.3011143E-01
   0.3097176E-01
   0.3183209E-01
   0.3269241E-01
   0.3355274E-01
   0.3441307E-01
   0.3527340E-01
   0.3613372E-01
   0.3699405E-01
   0.3785438E-01
   0.3871470E-01
   0.3957503E-01
   0.4043536E-01
   0.4129568E-01
   0.4215601E-01
   0.4301634E-01
   0.4387666E-01
   0.4473699E-01
   0.4559732E-01
   0.4645764E-01
   0.4731797E-01
   0.4817830E-01
   0.4903862E-01
   0.4989895E-01
   0.5075928E-01
   0.5161960E-01
   0.5247993E-01
   0.5334026E-01
   0.5420058E-01
   0.5506091E-01
   0.5592124E-01
   0.5678156E-01
   0.5764189E-01
   0.5850222E-01
   0.5936254E-01
   0.6022287E-01
   0.6108320E-01
   0.6194352E-01
   0.6280385E-01
   0.6366418E-01
   0.6452450E-01
   0.6538483E-01
   0.6624516E-01
   0.6710548E-01
   0.6796581E-01
   0.6882614E-01
   0.6968646E-01
   0.7054679E-01
   0.7140712E-01
   0.7226744E-01
   0.7312777E-01
   0.7398810E-01
   0.7484842E-01
   0.7570875E-01
   0.7656908E-01
   0.7742940E-01
   0.7828973E-01
   0.7915006E-01
   0.8001038E-01
   0.8087071E-01
   0.8173104E-01
   0.8259136E-01
   0.8345169E-01
   0.8431202E-01
   0.8517234E-01
   0.8603267E-01
   0.8689300E-01
   0.8775332E-01
   0.8861365E-01
   0.8947398E-01
   0.9033430E-01
   0.9119463E-01
   0.9205496E-01
   0.9291528E-01
   0.9377561E-01
   0.9463594E-01
   0.9549626E-01
   0.9635659E-01
   0.9721692E-01
   0.9807724E-01
   0.9893757E-01
   0.9979790E-01
   0.1006582E+00
   0.1015186E+00
   0.1023789E+00
   0.1032392E+00
   0.1040995E+00
   0.1049599E+00
   0.1058202E+00
   0.1066805E+00
   0.1075408E+00
   0.1084012E+00
   0.1092615E+00
   0.1101218E+00
   0.1109821E+00
   0.1118425E+00
   0.1127028E+00
   0.1135631E+00
   0.1144235E+00
   0.1152838E+00
   0.1161441E+00
   0.1170044E+00
   0.1178648E+00
   0.1187251E+00
   0.1195854E+00
   0.1204457E+00
   0.1213061E+00
   0.1221664E+00
   0.1230267E+00
   0.1238870E+00
   0.1247474E+00
   0.1256077E+00
   0.1264680E+00
   0.1273284E+00
   0.1281887E+00
   0.1290490E+00
   0.1299093E+00
   0.1307697E+00
   0.1316300E+00
   0.1324903E+00
   0.1333506E+00
   0.1342110E+00
   0.1350713E+00
   0.1359316E+00
   0.1367919E+00
   0.1376523E+00
   0.1385126E+00
   0.1393729E+00
