   0.1143425E+00
   0.1144493E+00
   0.1145561E+00
   0.1146630E+00
   0.1147698E+00
   0.1148766E+00
   0.1149835E+00
   0.1150903E+00
   0.1151972E+00
   0.1153040E+00
   0.1154108E+00
   0.1155177E+00
   0.1156245E+00
   0.1157313E+00
   0.1158382E+00
   0.1159450E+00
   0.1160519E+00
   0.1161587E+00
   0.1162655E+00
   0.1163724E+00
   0.1164792E+00
   0.1165860E+00
   0.1166929E+00
   0.1167997E+00
   0.1169065E+00
   0.1170134E+00
   0.1171202E+00
   0.1172271E+00
   0.1173339E+00
   0.1174407E+00
   0.1175476E+00
   0.1176544E+00
   0.1177612E+00
   0.1178681E+00
   0.1179749E+00
   0.1180818E+00
   0.1181886E+00
   0.1182954E+00
   0.1184023E+00
   0.1185091E+00
   0.1186159E+00
   0.1187228E+00
   0.1188296E+00
   0.1189364E+00
   0.1190433E+00
   0.1191501E+00
   0.1192570E+00
   0.1193638E+00
   0.1194706E+00
   0.1195775E+00
   0.1196843E+00
   0.1197911E+00
   0.1198980E+00
   0.1200048E+00
   0.1201117E+00
   0.1202185E+00
   0.1203253E+00
   0.1204322E+00
   0.1205390E+00
   0.1206458E+00
   0.1207527E+00
   0.1208595E+00
   0.1209664E+00
   0.1210732E+00
   0.1211800E+00
   0.1212869E+00
   0.1213937E+00
   0.1215005E+00
   0.1216074E+00
   0.1217142E+00
   0.1218210E+00
   0.1219279E+00
   0.1220347E+00
   0.1221416E+00
   0.1222484E+00
   0.1223552E+00
   0.1224621E+00
   0.1225689E+00
   0.1226757E+00
   0.1227826E+00
   0.1228894E+00
   0.1229963E+00
   0.1231031E+00
   0.1232099E+00
   0.1233168E+00
   0.1234236E+00
   0.1235304E+00
   0.1236373E+00
   0.1237441E+00
   0.1238509E+00
   0.1239578E+00
   0.1240646E+00
   0.1241715E+00
   0.1242783E+00
   0.1243851E+00
   0.1244920E+00
   0.1245988E+00
   0.1247056E+00
   0.1248125E+00
   0.1249193E+00
   0.1250262E+00
   0.1251330E+00
   0.1252398E+00
   0.1253467E+00
   0.1254535E+00
   0.1255603E+00
