   0.6467744E+02
   0.6480225E+02
   0.6492706E+02
   0.6505187E+02
   0.6517668E+02
   0.6530149E+02
   0.6542630E+02
   0.6555111E+02
   0.6567591E+02
   0.6580072E+02
   0.6592553E+02
   0.6605034E+02
   0.6617515E+02
   0.6629996E+02
   0.6642477E+02
   0.6654958E+02
   0.6667439E+02
   0.6679920E+02
   0.6692401E+02
   0.6704882E+02
   0.6717363E+02
   0.6729844E+02
   0.6742324E+02
   0.6754805E+02
   0.6767286E+02
   0.6779767E+02
   0.6792248E+02
   0.6804729E+02
   0.6817210E+02
   0.6829691E+02
   0.6842172E+02
   0.6854653E+02
   0.6867134E+02
   0.6879615E+02
   0.6892096E+02
   0.6904577E+02
   0.6917057E+02
   0.6929538E+02
   0.6942019E+02
   0.6954500E+02
   0.6966981E+02
   0.6979462E+02
   0.6991943E+02
   0.7004424E+02
