   0.1142659E+00
   0.1144493E+00
   0.1146327E+00
   0.1148161E+00
   0.1149995E+00
   0.1151829E+00
   0.1153663E+00
   0.1155497E+00
   0.1157331E+00
   0.1159165E+00
   0.1160999E+00
   0.1162833E+00
   0.1164667E+00
   0.1166501E+00
   0.1168335E+00
   0.1170169E+00
   0.1172004E+00
   0.1173838E+00
   0.1175672E+00
   0.1177506E+00
   0.1179340E+00
   0.1181174E+00
   0.1183008E+00
   0.1184842E+00
   0.1186676E+00
   0.1188510E+00
   0.1190344E+00
   0.1192178E+00
   0.1194012E+00
   0.1195846E+00
   0.1197680E+00
   0.1199514E+00
   0.1201348E+00
   0.1203182E+00
   0.1205016E+00
   0.1206850E+00
   0.1208684E+00
   0.1210518E+00
   0.1212352E+00
   0.1214186E+00
   0.1216020E+00
   0.1217854E+00
   0.1219688E+00
   0.1221522E+00
   0.1223356E+00
   0.1225190E+00
   0.1227024E+00
   0.1228859E+00
   0.1230693E+00
   0.1232527E+00
   0.1234361E+00
   0.1236195E+00
   0.1238029E+00
   0.1239863E+00
   0.1241697E+00
   0.1243531E+00
   0.1245365E+00
   0.1247199E+00
   0.1249033E+00
   0.1250867E+00
   0.1252701E+00
   0.1254535E+00
   0.1256369E+00
