   0.1143810E+00
   0.1144493E+00
   0.1145176E+00
   0.1145860E+00
   0.1146543E+00
   0.1147227E+00
   0.1147910E+00
   0.1148594E+00
   0.1149277E+00
   0.1149961E+00
   0.1150644E+00
   0.1151328E+00
   0.1152011E+00
   0.1152695E+00
   0.1153378E+00
   0.1154062E+00
   0.1154745E+00
   0.1155429E+00
   0.1156112E+00
   0.1156796E+00
   0.1157479E+00
   0.1158163E+00
   0.1158846E+00
   0.1159530E+00
   0.1160213E+00
   0.1160897E+00
   0.1161580E+00
   0.1162264E+00
   0.1162947E+00
   0.1163631E+00
   0.1164314E+00
   0.1164998E+00
   0.1165681E+00
   0.1166365E+00
   0.1167048E+00
   0.1167732E+00
   0.1168415E+00
   0.1169099E+00
   0.1169782E+00
   0.1170466E+00
   0.1171149E+00
   0.1171833E+00
   0.1172516E+00
   0.1173200E+00
   0.1173883E+00
   0.1174567E+00
   0.1175250E+00
   0.1175934E+00
   0.1176617E+00
   0.1177301E+00
   0.1177984E+00
   0.1178668E+00
   0.1179351E+00
   0.1180035E+00
   0.1180718E+00
   0.1181401E+00
   0.1182085E+00
   0.1182768E+00
   0.1183452E+00
   0.1184135E+00
   0.1184819E+00
   0.1185502E+00
   0.1186186E+00
   0.1186869E+00
   0.1187553E+00
   0.1188236E+00
   0.1188920E+00
   0.1189603E+00
   0.1190287E+00
   0.1190970E+00
   0.1191654E+00
   0.1192337E+00
   0.1193021E+00
   0.1193704E+00
   0.1194388E+00
   0.1195071E+00
   0.1195755E+00
   0.1196438E+00
   0.1197122E+00
   0.1197805E+00
   0.1198489E+00
   0.1199172E+00
   0.1199856E+00
   0.1200539E+00
   0.1201223E+00
   0.1201906E+00
   0.1202590E+00
   0.1203273E+00
   0.1203957E+00
   0.1204640E+00
   0.1205324E+00
   0.1206007E+00
   0.1206691E+00
   0.1207374E+00
   0.1208058E+00
   0.1208741E+00
   0.1209425E+00
   0.1210108E+00
   0.1210792E+00
   0.1211475E+00
   0.1212159E+00
   0.1212842E+00
   0.1213526E+00
   0.1214209E+00
   0.1214893E+00
   0.1215576E+00
   0.1216260E+00
   0.1216943E+00
   0.1217627E+00
   0.1218310E+00
   0.1218993E+00
   0.1219677E+00
   0.1220360E+00
   0.1221044E+00
   0.1221727E+00
   0.1222411E+00
   0.1223094E+00
   0.1223778E+00
   0.1224461E+00
   0.1225145E+00
   0.1225828E+00
   0.1226512E+00
   0.1227195E+00
   0.1227879E+00
   0.1228562E+00
   0.1229246E+00
   0.1229929E+00
   0.1230613E+00
   0.1231296E+00
   0.1231980E+00
   0.1232663E+00
   0.1233347E+00
   0.1234030E+00
   0.1234714E+00
   0.1235397E+00
   0.1236081E+00
   0.1236764E+00
   0.1237448E+00
   0.1238131E+00
   0.1238815E+00
   0.1239498E+00
   0.1240182E+00
   0.1240865E+00
   0.1241549E+00
   0.1242232E+00
   0.1242916E+00
   0.1243599E+00
   0.1244283E+00
   0.1244966E+00
   0.1245650E+00
   0.1246333E+00
   0.1247017E+00
   0.1247700E+00
   0.1248384E+00
   0.1249067E+00
   0.1249751E+00
   0.1250434E+00
   0.1251118E+00
   0.1251801E+00
   0.1252485E+00
   0.1253168E+00
   0.1253852E+00
   0.1254535E+00
   0.1255218E+00
