   0.1000000E-01
   0.1204095E-01
   0.1408190E-01
   0.1612285E-01
   0.1816380E-01
   0.2020475E-01
   0.2224570E-01
   0.2428665E-01
   0.2632759E-01
   0.2836854E-01
   0.3040949E-01
   0.3245044E-01
   0.3449139E-01
   0.3653234E-01
   0.3857329E-01
   0.4061424E-01
   0.4265519E-01
   0.4469614E-01
   0.4673709E-01
   0.4877804E-01
   0.5081899E-01
   0.5285994E-01
   0.5490088E-01
   0.5694183E-01
   0.5898278E-01
   0.6102373E-01
   0.6306468E-01
   0.6510563E-01
   0.6714658E-01
   0.6918753E-01
   0.7122848E-01
   0.7326943E-01
   0.7531038E-01
   0.7735133E-01
   0.7939228E-01
   0.8143323E-01
   0.8347417E-01
   0.8551512E-01
   0.8755607E-01
   0.8959702E-01
   0.9163797E-01
   0.9367892E-01
   0.9571987E-01
   0.9776082E-01
   0.9980177E-01
   0.1018427E+00
   0.1038837E+00
   0.1059246E+00
   0.1079656E+00
   0.1100065E+00
   0.1120475E+00
   0.1140884E+00
   0.1161294E+00
   0.1181703E+00
   0.1202113E+00
   0.1222522E+00
   0.1242932E+00
   0.1263341E+00
   0.1283751E+00
   0.1304160E+00
   0.1324570E+00
   0.1344979E+00
   0.1365389E+00
   0.1385798E+00
   0.1406208E+00
   0.1426617E+00
   0.1447027E+00
   0.1467436E+00
   0.1487846E+00
   0.1508255E+00
   0.1528665E+00
   0.1549074E+00
   0.1569483E+00
