   0.2815311E+00
   0.2820878E+00
   0.2826445E+00
   0.2832012E+00
   0.2837579E+00
   0.2843145E+00
   0.2848712E+00
   0.2854279E+00
   0.2859846E+00
   0.2865413E+00
   0.2870980E+00
   0.2876547E+00
   0.2882113E+00
   0.2887680E+00
   0.2893247E+00
   0.2898814E+00
   0.2904381E+00
   0.2909948E+00
   0.2915515E+00
   0.2921081E+00
   0.2926648E+00
   0.2932215E+00
   0.2937782E+00
   0.2943349E+00
   0.2948916E+00
   0.2954483E+00
   0.2960049E+00
   0.2965616E+00
   0.2971183E+00
   0.2976750E+00
   0.2982317E+00
   0.2987884E+00
   0.2993451E+00
   0.2999017E+00
   0.3004584E+00
   0.3010151E+00
   0.3015718E+00
   0.3021285E+00
   0.3026852E+00
   0.3032419E+00
   0.3037985E+00
   0.3043552E+00
   0.3049119E+00
   0.3054686E+00
   0.3060253E+00
   0.3065820E+00
   0.3071387E+00
   0.3076953E+00
   0.3082520E+00
   0.3088087E+00
   0.3093654E+00
   0.3099221E+00
   0.3104788E+00
   0.3110355E+00
   0.3115921E+00
   0.3121488E+00
   0.3127055E+00
   0.3132622E+00
   0.3138189E+00
   0.3143756E+00
   0.3149323E+00
   0.3154889E+00
   0.3160456E+00
   0.3166023E+00
   0.3171590E+00
   0.3177157E+00
   0.3182724E+00
   0.3188291E+00
   0.3193857E+00
   0.3199424E+00
   0.3204991E+00
   0.3210558E+00
   0.3216125E+00
   0.3221692E+00
   0.3227259E+00
   0.3232825E+00
   0.3238392E+00
   0.3243959E+00
   0.3249526E+00
   0.3255093E+00
   0.3260660E+00
   0.3266227E+00
   0.3271793E+00
   0.3277360E+00
   0.3282927E+00
   0.3288494E+00
   0.3294061E+00
   0.3299628E+00
   0.3305195E+00
   0.3310761E+00
   0.3316328E+00
   0.3321895E+00
   0.3327462E+00
   0.3333029E+00
   0.3338596E+00
   0.3344163E+00
   0.3349729E+00
   0.3355296E+00
   0.3360863E+00
   0.3366430E+00
   0.3371997E+00
   0.3377564E+00
   0.3383131E+00
   0.3388697E+00
   0.3394264E+00
   0.3399831E+00
   0.3405398E+00
   0.3410965E+00
   0.3416532E+00
   0.3422099E+00
   0.3427665E+00
   0.3433232E+00
   0.3438799E+00
   0.3444366E+00
   0.3449933E+00
   0.3455500E+00
   0.3461067E+00
   0.3466633E+00
   0.3472200E+00
   0.3477767E+00
   0.3483334E+00
   0.3488901E+00
   0.3494468E+00
   0.3500035E+00
   0.3505601E+00
   0.3511168E+00
   0.3516735E+00
   0.3522302E+00
   0.3527869E+00
