   0.6476924E+02
   0.6480225E+02
   0.6483526E+02
   0.6486828E+02
   0.6490129E+02
   0.6493431E+02
   0.6496732E+02
   0.6500033E+02
   0.6503335E+02
   0.6506636E+02
   0.6509938E+02
   0.6513239E+02
   0.6516540E+02
   0.6519842E+02
   0.6523143E+02
   0.6526445E+02
   0.6529746E+02
   0.6533048E+02
   0.6536349E+02
   0.6539650E+02
   0.6542952E+02
   0.6546253E+02
   0.6549555E+02
   0.6552856E+02
   0.6556157E+02
   0.6559459E+02
   0.6562760E+02
   0.6566062E+02
   0.6569363E+02
   0.6572664E+02
   0.6575966E+02
   0.6579267E+02
   0.6582569E+02
   0.6585870E+02
   0.6589171E+02
   0.6592473E+02
   0.6595774E+02
   0.6599076E+02
   0.6602377E+02
   0.6605678E+02
   0.6608980E+02
   0.6612281E+02
   0.6615583E+02
   0.6618884E+02
   0.6622185E+02
   0.6625487E+02
   0.6628788E+02
   0.6632090E+02
   0.6635391E+02
   0.6638693E+02
   0.6641994E+02
   0.6645295E+02
   0.6648597E+02
   0.6651898E+02
   0.6655200E+02
   0.6658501E+02
   0.6661802E+02
   0.6665104E+02
   0.6668405E+02
   0.6671707E+02
   0.6675008E+02
   0.6678309E+02
   0.6681611E+02
   0.6684912E+02
   0.6688214E+02
   0.6691515E+02
   0.6694816E+02
   0.6698118E+02
   0.6701419E+02
   0.6704721E+02
   0.6708022E+02
   0.6711323E+02
   0.6714625E+02
   0.6717926E+02
   0.6721228E+02
   0.6724529E+02
   0.6727830E+02
   0.6731132E+02
   0.6734433E+02
   0.6737735E+02
   0.6741036E+02
   0.6744338E+02
   0.6747639E+02
   0.6750940E+02
   0.6754242E+02
   0.6757543E+02
   0.6760845E+02
   0.6764146E+02
   0.6767447E+02
   0.6770749E+02
   0.6774050E+02
   0.6777352E+02
   0.6780653E+02
   0.6783954E+02
   0.6787256E+02
   0.6790557E+02
   0.6793859E+02
   0.6797160E+02
   0.6800461E+02
   0.6803763E+02
   0.6807064E+02
   0.6810366E+02
   0.6813667E+02
   0.6816968E+02
   0.6820270E+02
   0.6823571E+02
   0.6826873E+02
   0.6830174E+02
   0.6833475E+02
   0.6836777E+02
   0.6840078E+02
   0.6843380E+02
   0.6846681E+02
   0.6849983E+02
   0.6853284E+02
   0.6856585E+02
   0.6859887E+02
   0.6863188E+02
   0.6866490E+02
   0.6869791E+02
   0.6873092E+02
   0.6876394E+02
   0.6879695E+02
   0.6882997E+02
   0.6886298E+02
   0.6889599E+02
   0.6892901E+02
   0.6896202E+02
   0.6899504E+02
   0.6902805E+02
   0.6906106E+02
   0.6909408E+02
   0.6912709E+02
   0.6916011E+02
   0.6919312E+02
   0.6922613E+02
   0.6925915E+02
   0.6929216E+02
   0.6932518E+02
   0.6935819E+02
   0.6939120E+02
   0.6942422E+02
   0.6945723E+02
   0.6949025E+02
   0.6952326E+02
   0.6955628E+02
   0.6958929E+02
   0.6962230E+02
   0.6965532E+02
   0.6968833E+02
   0.6972135E+02
   0.6975436E+02
   0.6978737E+02
   0.6982039E+02
   0.6985340E+02
   0.6988642E+02
   0.6991943E+02
   0.6995244E+02
