   0.2809565E+00
   0.2820878E+00
   0.2832191E+00
   0.2843505E+00
   0.2854818E+00
   0.2866131E+00
   0.2877444E+00
   0.2888758E+00
   0.2900071E+00
   0.2911384E+00
   0.2922698E+00
   0.2934011E+00
   0.2945324E+00
   0.2956637E+00
   0.2967951E+00
   0.2979264E+00
   0.2990577E+00
   0.3001891E+00
   0.3013204E+00
   0.3024517E+00
   0.3035831E+00
   0.3047144E+00
   0.3058457E+00
   0.3069770E+00
   0.3081084E+00
   0.3092397E+00
   0.3103710E+00
   0.3115024E+00
   0.3126337E+00
   0.3137650E+00
   0.3148963E+00
   0.3160277E+00
   0.3171590E+00
   0.3182903E+00
   0.3194217E+00
   0.3205530E+00
   0.3216843E+00
   0.3228156E+00
   0.3239470E+00
   0.3250783E+00
   0.3262096E+00
   0.3273410E+00
   0.3284723E+00
   0.3296036E+00
   0.3307349E+00
   0.3318663E+00
   0.3329976E+00
   0.3341289E+00
   0.3352603E+00
   0.3363916E+00
   0.3375229E+00
   0.3386543E+00
   0.3397856E+00
   0.3409169E+00
   0.3420482E+00
   0.3431796E+00
   0.3443109E+00
   0.3454422E+00
   0.3465736E+00
   0.3477049E+00
   0.3488362E+00
   0.3499675E+00
   0.3510989E+00
   0.3522302E+00
   0.3533615E+00
