   0.6467819E+00
   0.6477698E+00
   0.6487577E+00
   0.6497456E+00
   0.6507336E+00
   0.6517215E+00
   0.6527094E+00
   0.6536973E+00
   0.6546852E+00
   0.6556732E+00
   0.6566611E+00
   0.6576490E+00
   0.6586369E+00
   0.6596249E+00
   0.6606128E+00
   0.6616007E+00
   0.6625886E+00
   0.6635765E+00
   0.6645645E+00
   0.6655524E+00
   0.6665403E+00
   0.6675282E+00
   0.6685161E+00
   0.6695041E+00
   0.6704920E+00
   0.6714799E+00
   0.6724678E+00
   0.6734557E+00
   0.6744437E+00
   0.6754316E+00
   0.6764195E+00
   0.6774074E+00
   0.6783954E+00
   0.6793833E+00
   0.6803712E+00
   0.6813591E+00
   0.6823470E+00
   0.6833350E+00
   0.6843229E+00
   0.6853108E+00
   0.6862987E+00
   0.6872866E+00
   0.6882746E+00
   0.6892625E+00
   0.6902504E+00
   0.6912383E+00
   0.6922263E+00
   0.6932142E+00
   0.6942021E+00
   0.6951900E+00
   0.6961779E+00
   0.6971659E+00
   0.6981538E+00
   0.6991417E+00
   0.7001296E+00
   0.7011175E+00
   0.7021055E+00
   0.7030934E+00
   0.7040813E+00
   0.7050692E+00
   0.7060571E+00
   0.7070451E+00
   0.7080330E+00
   0.7090209E+00
   0.7100088E+00
   0.7109968E+00
   0.7119847E+00
   0.7129726E+00
   0.7139605E+00
   0.7149484E+00
   0.7159364E+00
   0.7169243E+00
   0.7179122E+00
   0.7189001E+00
