   0.2810999E+00
   0.2820878E+00
   0.2830757E+00
   0.2840636E+00
   0.2850516E+00
   0.2860395E+00
   0.2870274E+00
   0.2880153E+00
   0.2890032E+00
   0.2899912E+00
   0.2909791E+00
   0.2919670E+00
   0.2929549E+00
   0.2939429E+00
   0.2949308E+00
   0.2959187E+00
   0.2969066E+00
   0.2978945E+00
   0.2988825E+00
   0.2998704E+00
   0.3008583E+00
   0.3018462E+00
   0.3028341E+00
   0.3038221E+00
   0.3048100E+00
   0.3057979E+00
   0.3067858E+00
   0.3077737E+00
   0.3087617E+00
   0.3097496E+00
   0.3107375E+00
   0.3117254E+00
   0.3127134E+00
   0.3137013E+00
   0.3146892E+00
   0.3156771E+00
   0.3166650E+00
   0.3176530E+00
   0.3186409E+00
   0.3196288E+00
   0.3206167E+00
   0.3216046E+00
   0.3225926E+00
   0.3235805E+00
   0.3245684E+00
   0.3255563E+00
   0.3265443E+00
   0.3275322E+00
   0.3285201E+00
   0.3295080E+00
   0.3304959E+00
   0.3314839E+00
   0.3324718E+00
   0.3334597E+00
   0.3344476E+00
   0.3354355E+00
   0.3364235E+00
   0.3374114E+00
   0.3383993E+00
   0.3393872E+00
   0.3403751E+00
   0.3413631E+00
   0.3423510E+00
   0.3433389E+00
   0.3443268E+00
   0.3453148E+00
   0.3463027E+00
   0.3472906E+00
   0.3482785E+00
   0.3492664E+00
   0.3502544E+00
   0.3512423E+00
   0.3522302E+00
   0.3532181E+00
