   0.1000000E-01
   0.1353433E-01
   0.1706865E-01
   0.2060298E-01
   0.2413731E-01
   0.2767163E-01
   0.3120596E-01
   0.3474029E-01
   0.3827461E-01
   0.4180894E-01
   0.4534327E-01
   0.4887760E-01
   0.5241192E-01
   0.5594625E-01
   0.5948058E-01
   0.6301490E-01
   0.6654923E-01
   0.7008356E-01
   0.7361788E-01
   0.7715221E-01
   0.8068654E-01
   0.8422086E-01
   0.8775519E-01
   0.9128952E-01
   0.9482384E-01
   0.9835817E-01
   0.1018925E+00
   0.1054268E+00
   0.1089612E+00
   0.1124955E+00
   0.1160298E+00
   0.1195641E+00
   0.1230985E+00
   0.1266328E+00
   0.1301671E+00
   0.1337014E+00
   0.1372358E+00
   0.1407701E+00
   0.1443044E+00
   0.1478387E+00
   0.1513731E+00
   0.1549074E+00
   0.1584417E+00
