   0.2961506E+01
   0.2965630E+01
   0.2969754E+01
   0.2973878E+01
   0.2978001E+01
   0.2982125E+01
   0.2986249E+01
   0.2990373E+01
   0.2994496E+01
   0.2998620E+01
   0.3002744E+01
   0.3006868E+01
   0.3010992E+01
   0.3015115E+01
   0.3019239E+01
   0.3023363E+01
   0.3027487E+01
   0.3031611E+01
   0.3035734E+01
   0.3039858E+01
   0.3043982E+01
   0.3048106E+01
   0.3052229E+01
   0.3056353E+01
   0.3060477E+01
   0.3064601E+01
   0.3068725E+01
   0.3072848E+01
   0.3076972E+01
   0.3081096E+01
   0.3085220E+01
   0.3089343E+01
   0.3093467E+01
   0.3097591E+01
   0.3101715E+01
   0.3105839E+01
   0.3109962E+01
   0.3114086E+01
   0.3118210E+01
   0.3122334E+01
   0.3126457E+01
   0.3130581E+01
   0.3134705E+01
   0.3138829E+01
   0.3142953E+01
   0.3147076E+01
   0.3151200E+01
   0.3155324E+01
   0.3159448E+01
   0.3163571E+01
   0.3167695E+01
   0.3171819E+01
   0.3175943E+01
   0.3180067E+01
   0.3184190E+01
   0.3188314E+01
   0.3192438E+01
   0.3196562E+01
   0.3200686E+01
   0.3204809E+01
   0.3208933E+01
   0.3213057E+01
   0.3217181E+01
   0.3221304E+01
   0.3225428E+01
   0.3229552E+01
   0.3233676E+01
