   0.2166871E-01
   0.2168820E-01
   0.2170769E-01
   0.2172718E-01
   0.2174667E-01
   0.2176615E-01
   0.2178564E-01
   0.2180513E-01
   0.2182462E-01
   0.2184411E-01
   0.2186359E-01
   0.2188308E-01
   0.2190257E-01
   0.2192206E-01
   0.2194155E-01
   0.2196104E-01
   0.2198053E-01
   0.2200001E-01
   0.2201950E-01
   0.2203899E-01
   0.2205848E-01
   0.2207797E-01
   0.2209746E-01
   0.2211694E-01
   0.2213643E-01
   0.2215592E-01
   0.2217541E-01
   0.2219490E-01
   0.2221438E-01
   0.2223387E-01
   0.2225336E-01
   0.2227285E-01
   0.2229234E-01
   0.2231183E-01
   0.2233132E-01
   0.2235080E-01
   0.2237029E-01
   0.2238978E-01
   0.2240927E-01
   0.2242876E-01
   0.2244824E-01
   0.2246773E-01
   0.2248722E-01
   0.2250671E-01
   0.2252620E-01
   0.2254569E-01
   0.2256517E-01
   0.2258466E-01
   0.2260415E-01
   0.2262364E-01
   0.2264313E-01
   0.2266262E-01
   0.2268211E-01
   0.2270159E-01
   0.2272108E-01
   0.2274057E-01
   0.2276006E-01
   0.2277955E-01
   0.2279903E-01
   0.2281852E-01
   0.2283801E-01
   0.2285750E-01
   0.2287699E-01
