   0.2961231E+01
   0.2965630E+01
   0.2970029E+01
   0.2974427E+01
   0.2978826E+01
   0.2983225E+01
   0.2987623E+01
   0.2992022E+01
   0.2996421E+01
   0.3000820E+01
   0.3005218E+01
   0.3009617E+01
   0.3014016E+01
   0.3018414E+01
   0.3022813E+01
   0.3027212E+01
   0.3031611E+01
   0.3036009E+01
   0.3040408E+01
   0.3044807E+01
   0.3049205E+01
   0.3053604E+01
   0.3058003E+01
   0.3062401E+01
   0.3066800E+01
   0.3071199E+01
   0.3075598E+01
   0.3079996E+01
   0.3084395E+01
   0.3088794E+01
   0.3093192E+01
   0.3097591E+01
   0.3101990E+01
   0.3106388E+01
   0.3110787E+01
   0.3115186E+01
   0.3119585E+01
   0.3123983E+01
   0.3128382E+01
   0.3132781E+01
   0.3137179E+01
   0.3141578E+01
   0.3145977E+01
   0.3150375E+01
   0.3154774E+01
   0.3159173E+01
   0.3163572E+01
   0.3167970E+01
   0.3172369E+01
   0.3176768E+01
   0.3181166E+01
   0.3185565E+01
   0.3189964E+01
   0.3194362E+01
   0.3198761E+01
   0.3203160E+01
   0.3207559E+01
   0.3211957E+01
   0.3216356E+01
   0.3220755E+01
   0.3225153E+01
   0.3229552E+01
   0.3233951E+01
