   0.1000000E-01
   0.1198503E-01
   0.1397007E-01
   0.1595510E-01
   0.1794013E-01
   0.1992516E-01
   0.2191020E-01
   0.2389523E-01
   0.2588026E-01
   0.2786530E-01
   0.2985033E-01
   0.3183536E-01
   0.3382039E-01
   0.3580543E-01
   0.3779046E-01
   0.3977549E-01
   0.4176053E-01
   0.4374556E-01
   0.4573059E-01
   0.4771562E-01
   0.4970066E-01
   0.5168569E-01
   0.5367072E-01
   0.5565576E-01
   0.5764079E-01
   0.5962582E-01
   0.6161085E-01
   0.6359589E-01
   0.6558092E-01
   0.6756595E-01
   0.6955099E-01
   0.7153602E-01
   0.7352105E-01
   0.7550608E-01
   0.7749112E-01
   0.7947615E-01
   0.8146118E-01
   0.8344622E-01
   0.8543125E-01
   0.8741628E-01
   0.8940132E-01
   0.9138635E-01
   0.9337138E-01
   0.9535641E-01
   0.9734145E-01
   0.9932648E-01
   0.1013115E+00
   0.1032965E+00
   0.1052816E+00
   0.1072666E+00
   0.1092516E+00
   0.1112367E+00
   0.1132217E+00
   0.1152067E+00
   0.1171918E+00
   0.1191768E+00
   0.1211618E+00
   0.1231469E+00
   0.1251319E+00
   0.1271169E+00
   0.1291020E+00
   0.1310870E+00
   0.1330720E+00
   0.1350571E+00
   0.1370421E+00
   0.1390271E+00
   0.1410122E+00
   0.1429972E+00
   0.1449822E+00
   0.1469673E+00
   0.1489523E+00
   0.1509373E+00
   0.1529224E+00
   0.1549074E+00
   0.1568924E+00
