   0.6473118E+02
   0.6480225E+02
   0.6487332E+02
   0.6494439E+02
   0.6501547E+02
   0.6508654E+02
   0.6515761E+02
   0.6522868E+02
   0.6529975E+02
   0.6537083E+02
   0.6544190E+02
   0.6551297E+02
   0.6558404E+02
   0.6565511E+02
   0.6572619E+02
   0.6579726E+02
   0.6586833E+02
   0.6593940E+02
   0.6601047E+02
   0.6608155E+02
   0.6615262E+02
   0.6622369E+02
   0.6629476E+02
   0.6636583E+02
   0.6643690E+02
   0.6650798E+02
   0.6657905E+02
   0.6665012E+02
   0.6672119E+02
   0.6679226E+02
   0.6686334E+02
   0.6693441E+02
   0.6700548E+02
   0.6707655E+02
   0.6714762E+02
   0.6721870E+02
   0.6728977E+02
   0.6736084E+02
   0.6743191E+02
   0.6750298E+02
   0.6757406E+02
   0.6764513E+02
   0.6771620E+02
   0.6778727E+02
   0.6785834E+02
   0.6792942E+02
   0.6800049E+02
   0.6807156E+02
   0.6814263E+02
   0.6821370E+02
   0.6828478E+02
   0.6835585E+02
   0.6842692E+02
   0.6849799E+02
   0.6856906E+02
   0.6864014E+02
   0.6871121E+02
   0.6878228E+02
   0.6885335E+02
   0.6892442E+02
   0.6899549E+02
   0.6906657E+02
   0.6913764E+02
   0.6920871E+02
   0.6927978E+02
   0.6935085E+02
   0.6942193E+02
   0.6949300E+02
   0.6956407E+02
   0.6963514E+02
   0.6970621E+02
   0.6977729E+02
   0.6984836E+02
   0.6991943E+02
   0.6999050E+02
