   0.9459424E+00
   0.9461705E+00
   0.9463986E+00
   0.9466266E+00
   0.9468547E+00
   0.9470827E+00
   0.9473108E+00
   0.9475389E+00
   0.9477669E+00
   0.9479950E+00
   0.9482230E+00
   0.9484511E+00
   0.9486792E+00
   0.9489072E+00
   0.9491353E+00
   0.9493633E+00
   0.9495914E+00
   0.9498195E+00
   0.9500475E+00
   0.9502756E+00
   0.9505036E+00
   0.9507317E+00
   0.9509598E+00
   0.9511878E+00
   0.9514159E+00
   0.9516439E+00
   0.9518720E+00
   0.9521001E+00
   0.9523281E+00
   0.9525562E+00
   0.9527842E+00
   0.9530123E+00
   0.9532404E+00
   0.9534684E+00
   0.9536965E+00
   0.9539245E+00
   0.9541526E+00
   0.9543807E+00
   0.9546087E+00
   0.9548368E+00
   0.9550648E+00
   0.9552929E+00
   0.9555210E+00
   0.9557490E+00
   0.9559771E+00
   0.9562052E+00
   0.9564332E+00
   0.9566613E+00
   0.9568893E+00
   0.9571174E+00
   0.9573455E+00
   0.9575735E+00
   0.9578016E+00
   0.9580296E+00
   0.9582577E+00
   0.9584858E+00
   0.9587138E+00
   0.9589419E+00
   0.9591699E+00
   0.9593980E+00
   0.9596261E+00
   0.9598541E+00
   0.9600822E+00
   0.9603102E+00
   0.9605383E+00
   0.9607664E+00
   0.9609944E+00
   0.9612225E+00
   0.9614505E+00
   0.9616786E+00
   0.9619067E+00
   0.9621347E+00
   0.9623628E+00
   0.9625908E+00
   0.9628189E+00
   0.9630470E+00
   0.9632750E+00
   0.9635031E+00
   0.9637311E+00
   0.9639592E+00
   0.9641873E+00
   0.9644153E+00
   0.9646434E+00
   0.9648714E+00
   0.9650995E+00
   0.9653276E+00
   0.9655556E+00
   0.9657837E+00
   0.9660117E+00
   0.9662398E+00
   0.9664679E+00
   0.9666959E+00
   0.9669240E+00
   0.9671520E+00
   0.9673801E+00
   0.9676082E+00
   0.9678362E+00
   0.9680643E+00
   0.9682923E+00
   0.9685204E+00
   0.9687485E+00
   0.9689765E+00
   0.9692046E+00
   0.9694326E+00
   0.9696607E+00
   0.9698888E+00
   0.9701168E+00
   0.9703449E+00
   0.9705729E+00
   0.9708010E+00
   0.9710291E+00
   0.9712571E+00
   0.9714852E+00
   0.9717132E+00
   0.9719413E+00
   0.9721694E+00
   0.9723974E+00
   0.9726255E+00
   0.9728535E+00
   0.9730816E+00
   0.9733097E+00
   0.9735377E+00
   0.9737658E+00
   0.9739939E+00
   0.9742219E+00
   0.9744500E+00
   0.9746780E+00
   0.9749061E+00
   0.9751342E+00
   0.9753622E+00
   0.9755903E+00
   0.9758183E+00
   0.9760464E+00
   0.9762745E+00
   0.9765025E+00
   0.9767306E+00
   0.9769586E+00
   0.9771867E+00
   0.9774148E+00
   0.9776428E+00
   0.9778709E+00
   0.9780989E+00
   0.9783270E+00
   0.9785551E+00
   0.9787831E+00
   0.9790112E+00
   0.9792392E+00
   0.9794673E+00
   0.9796954E+00
   0.9799234E+00
   0.9801515E+00
   0.9803795E+00
   0.9806076E+00
   0.9808357E+00
   0.9810637E+00
   0.9812918E+00
   0.9815198E+00
   0.9817479E+00
   0.9819760E+00
   0.9822040E+00
   0.9824321E+00
   0.9826601E+00
   0.9828882E+00
   0.9831163E+00
