   0.1000000E-01
   0.1090005E-01
   0.1180009E-01
   0.1270014E-01
   0.1360018E-01
   0.1450023E-01
   0.1540028E-01
   0.1630032E-01
   0.1720037E-01
   0.1810041E-01
   0.1900046E-01
   0.1990051E-01
   0.2080055E-01
   0.2170060E-01
   0.2260064E-01
   0.2350069E-01
   0.2440074E-01
   0.2530078E-01
   0.2620083E-01
   0.2710087E-01
   0.2800092E-01
   0.2890097E-01
   0.2980101E-01
   0.3070106E-01
   0.3160110E-01
   0.3250115E-01
   0.3340120E-01
   0.3430124E-01
   0.3520129E-01
   0.3610133E-01
   0.3700138E-01
   0.3790142E-01
   0.3880147E-01
   0.3970152E-01
   0.4060156E-01
   0.4150161E-01
   0.4240165E-01
   0.4330170E-01
   0.4420175E-01
   0.4510179E-01
   0.4600184E-01
   0.4690188E-01
   0.4780193E-01
   0.4870198E-01
   0.4960202E-01
   0.5050207E-01
   0.5140211E-01
   0.5230216E-01
   0.5320221E-01
   0.5410225E-01
   0.5500230E-01
   0.5590234E-01
   0.5680239E-01
   0.5770244E-01
   0.5860248E-01
   0.5950253E-01
   0.6040257E-01
   0.6130262E-01
   0.6220267E-01
   0.6310271E-01
   0.6400276E-01
   0.6490280E-01
   0.6580285E-01
   0.6670290E-01
   0.6760294E-01
   0.6850299E-01
   0.6940303E-01
   0.7030308E-01
   0.7120313E-01
   0.7210317E-01
   0.7300322E-01
   0.7390326E-01
   0.7480331E-01
   0.7570336E-01
   0.7660340E-01
   0.7750345E-01
   0.7840349E-01
   0.7930354E-01
   0.8020359E-01
   0.8110363E-01
   0.8200368E-01
   0.8290372E-01
   0.8380377E-01
   0.8470381E-01
   0.8560386E-01
   0.8650391E-01
   0.8740395E-01
   0.8830400E-01
   0.8920404E-01
   0.9010409E-01
   0.9100414E-01
   0.9190418E-01
   0.9280423E-01
   0.9370427E-01
   0.9460432E-01
   0.9550437E-01
   0.9640441E-01
   0.9730446E-01
   0.9820450E-01
   0.9910455E-01
   0.1000046E+00
   0.1009046E+00
   0.1018047E+00
   0.1027047E+00
   0.1036048E+00
   0.1045048E+00
   0.1054049E+00
   0.1063049E+00
   0.1072050E+00
   0.1081050E+00
   0.1090051E+00
   0.1099051E+00
   0.1108051E+00
   0.1117052E+00
   0.1126052E+00
   0.1135053E+00
   0.1144053E+00
   0.1153054E+00
   0.1162054E+00
   0.1171055E+00
   0.1180055E+00
   0.1189056E+00
   0.1198056E+00
   0.1207057E+00
   0.1216057E+00
   0.1225057E+00
   0.1234058E+00
   0.1243058E+00
   0.1252059E+00
   0.1261059E+00
   0.1270060E+00
   0.1279060E+00
   0.1288061E+00
   0.1297061E+00
   0.1306062E+00
   0.1315062E+00
   0.1324063E+00
   0.1333063E+00
   0.1342063E+00
   0.1351064E+00
   0.1360064E+00
   0.1369065E+00
   0.1378065E+00
   0.1387066E+00
   0.1396066E+00
   0.1405067E+00
   0.1414067E+00
   0.1423068E+00
   0.1432068E+00
   0.1441068E+00
   0.1450069E+00
   0.1459069E+00
   0.1468070E+00
   0.1477070E+00
   0.1486071E+00
   0.1495071E+00
   0.1504072E+00
   0.1513072E+00
   0.1522073E+00
   0.1531073E+00
   0.1540074E+00
   0.1549074E+00
   0.1558074E+00
