   0.2963991E+01
   0.2965630E+01
   0.2967269E+01
   0.2968909E+01
   0.2970548E+01
   0.2972187E+01
   0.2973826E+01
   0.2975466E+01
   0.2977105E+01
   0.2978744E+01
   0.2980383E+01
   0.2982023E+01
   0.2983662E+01
   0.2985301E+01
   0.2986940E+01
   0.2988580E+01
   0.2990219E+01
   0.2991858E+01
   0.2993498E+01
   0.2995137E+01
   0.2996776E+01
   0.2998415E+01
   0.3000055E+01
   0.3001694E+01
   0.3003333E+01
   0.3004972E+01
   0.3006612E+01
   0.3008251E+01
   0.3009890E+01
   0.3011529E+01
   0.3013169E+01
   0.3014808E+01
   0.3016447E+01
   0.3018087E+01
   0.3019726E+01
   0.3021365E+01
   0.3023004E+01
   0.3024644E+01
   0.3026283E+01
   0.3027922E+01
   0.3029561E+01
   0.3031201E+01
   0.3032840E+01
   0.3034479E+01
   0.3036118E+01
   0.3037758E+01
   0.3039397E+01
   0.3041036E+01
   0.3042676E+01
   0.3044315E+01
   0.3045954E+01
   0.3047593E+01
   0.3049233E+01
   0.3050872E+01
   0.3052511E+01
   0.3054150E+01
   0.3055790E+01
   0.3057429E+01
   0.3059068E+01
   0.3060707E+01
   0.3062347E+01
   0.3063986E+01
   0.3065625E+01
   0.3067265E+01
   0.3068904E+01
   0.3070543E+01
   0.3072182E+01
   0.3073822E+01
   0.3075461E+01
   0.3077100E+01
   0.3078739E+01
   0.3080379E+01
   0.3082018E+01
   0.3083657E+01
   0.3085296E+01
   0.3086936E+01
   0.3088575E+01
   0.3090214E+01
   0.3091854E+01
   0.3093493E+01
   0.3095132E+01
   0.3096771E+01
   0.3098411E+01
   0.3100050E+01
   0.3101689E+01
   0.3103328E+01
   0.3104968E+01
   0.3106607E+01
   0.3108246E+01
   0.3109886E+01
   0.3111525E+01
   0.3113164E+01
   0.3114803E+01
   0.3116443E+01
   0.3118082E+01
   0.3119721E+01
   0.3121360E+01
   0.3123000E+01
   0.3124639E+01
   0.3126278E+01
   0.3127917E+01
   0.3129557E+01
   0.3131196E+01
   0.3132835E+01
   0.3134475E+01
   0.3136114E+01
   0.3137753E+01
   0.3139392E+01
   0.3141032E+01
   0.3142671E+01
   0.3144310E+01
   0.3145949E+01
   0.3147589E+01
   0.3149228E+01
   0.3150867E+01
   0.3152506E+01
   0.3154146E+01
   0.3155785E+01
   0.3157424E+01
   0.3159064E+01
   0.3160703E+01
   0.3162342E+01
   0.3163981E+01
   0.3165621E+01
   0.3167260E+01
   0.3168899E+01
   0.3170538E+01
   0.3172178E+01
   0.3173817E+01
   0.3175456E+01
   0.3177095E+01
   0.3178735E+01
   0.3180374E+01
   0.3182013E+01
   0.3183653E+01
   0.3185292E+01
   0.3186931E+01
   0.3188570E+01
   0.3190210E+01
   0.3191849E+01
   0.3193488E+01
   0.3195127E+01
   0.3196767E+01
   0.3198406E+01
   0.3200045E+01
   0.3201684E+01
   0.3203324E+01
   0.3204963E+01
   0.3206602E+01
   0.3208242E+01
   0.3209881E+01
   0.3211520E+01
   0.3213159E+01
   0.3214799E+01
   0.3216438E+01
   0.3218077E+01
   0.3219716E+01
   0.3221356E+01
   0.3222995E+01
   0.3224634E+01
   0.3226273E+01
   0.3227913E+01
   0.3229552E+01
   0.3231191E+01
