   0.2803770E+00
   0.2820878E+00
   0.2837986E+00
   0.2855094E+00
   0.2872202E+00
   0.2889310E+00
   0.2906418E+00
   0.2923525E+00
   0.2940633E+00
   0.2957741E+00
   0.2974849E+00
   0.2991957E+00
   0.3009065E+00
   0.3026173E+00
   0.3043281E+00
   0.3060389E+00
   0.3077497E+00
   0.3094604E+00
   0.3111712E+00
   0.3128820E+00
   0.3145928E+00
   0.3163036E+00
   0.3180144E+00
   0.3197252E+00
   0.3214360E+00
   0.3231468E+00
   0.3248576E+00
   0.3265683E+00
   0.3282791E+00
   0.3299899E+00
   0.3317007E+00
   0.3334115E+00
   0.3351223E+00
   0.3368331E+00
   0.3385439E+00
   0.3402547E+00
   0.3419655E+00
   0.3436762E+00
   0.3453870E+00
   0.3470978E+00
   0.3488086E+00
   0.3505194E+00
   0.3522302E+00
   0.3539410E+00
