   0.6471971E+02
   0.6480225E+02
   0.6488479E+02
   0.6496732E+02
   0.6504986E+02
   0.6513239E+02
   0.6521493E+02
   0.6529746E+02
   0.6538000E+02
   0.6546253E+02
   0.6554507E+02
   0.6562760E+02
   0.6571014E+02
   0.6579267E+02
   0.6587521E+02
   0.6595774E+02
   0.6604028E+02
   0.6612281E+02
   0.6620535E+02
   0.6628788E+02
   0.6637042E+02
   0.6645295E+02
   0.6653549E+02
   0.6661802E+02
   0.6670056E+02
   0.6678309E+02
   0.6686563E+02
   0.6694816E+02
   0.6703070E+02
   0.6711323E+02
   0.6719577E+02
   0.6727830E+02
   0.6736084E+02
   0.6744338E+02
   0.6752591E+02
   0.6760845E+02
   0.6769098E+02
   0.6777352E+02
   0.6785605E+02
   0.6793859E+02
   0.6802112E+02
   0.6810366E+02
   0.6818619E+02
   0.6826873E+02
   0.6835126E+02
   0.6843380E+02
   0.6851633E+02
   0.6859887E+02
   0.6868140E+02
   0.6876394E+02
   0.6884647E+02
   0.6892901E+02
   0.6901154E+02
   0.6909408E+02
   0.6917661E+02
   0.6925915E+02
   0.6934168E+02
   0.6942422E+02
   0.6950675E+02
   0.6958929E+02
   0.6967182E+02
   0.6975436E+02
   0.6983689E+02
   0.6991943E+02
   0.7000197E+02
