   0.9455968E+00
   0.9461705E+00
   0.9467442E+00
   0.9473179E+00
   0.9478916E+00
   0.9484654E+00
   0.9490391E+00
   0.9496128E+00
   0.9501865E+00
   0.9507602E+00
   0.9513339E+00
   0.9519076E+00
   0.9524814E+00
   0.9530551E+00
   0.9536288E+00
   0.9542025E+00
   0.9547762E+00
   0.9553499E+00
   0.9559236E+00
   0.9564974E+00
   0.9570711E+00
   0.9576448E+00
   0.9582185E+00
   0.9587922E+00
   0.9593659E+00
   0.9599396E+00
   0.9605134E+00
   0.9610871E+00
   0.9616608E+00
   0.9622345E+00
   0.9628082E+00
   0.9633819E+00
   0.9639556E+00
   0.9645294E+00
   0.9651031E+00
   0.9656768E+00
   0.9662505E+00
   0.9668242E+00
   0.9673979E+00
   0.9679716E+00
   0.9685453E+00
   0.9691191E+00
   0.9696928E+00
   0.9702665E+00
   0.9708402E+00
   0.9714139E+00
   0.9719876E+00
   0.9725613E+00
   0.9731351E+00
   0.9737088E+00
   0.9742825E+00
   0.9748562E+00
   0.9754299E+00
   0.9760036E+00
   0.9765773E+00
   0.9771511E+00
   0.9777248E+00
   0.9782985E+00
   0.9788722E+00
   0.9794459E+00
   0.9800196E+00
   0.9805933E+00
   0.9811671E+00
   0.9817408E+00
   0.9823145E+00
   0.9828882E+00
   0.9834619E+00
