   0.1141809E+00
   0.1144493E+00
   0.1147177E+00
   0.1149861E+00
   0.1152545E+00
   0.1155229E+00
   0.1157913E+00
   0.1160597E+00
   0.1163281E+00
   0.1165965E+00
   0.1168649E+00
   0.1171333E+00
   0.1174016E+00
   0.1176700E+00
   0.1179384E+00
   0.1182068E+00
   0.1184752E+00
   0.1187436E+00
   0.1190120E+00
   0.1192804E+00
   0.1195488E+00
   0.1198172E+00
   0.1200856E+00
   0.1203540E+00
   0.1206224E+00
   0.1208908E+00
   0.1211592E+00
   0.1214276E+00
   0.1216960E+00
   0.1219644E+00
   0.1222328E+00
   0.1225012E+00
   0.1227695E+00
   0.1230379E+00
   0.1233063E+00
   0.1235747E+00
   0.1238431E+00
   0.1241115E+00
   0.1243799E+00
   0.1246483E+00
   0.1249167E+00
   0.1251851E+00
   0.1254535E+00
   0.1257219E+00
