   0.0000000E+00
   0.8220453E-03
   0.1644091E-02
   0.2466136E-02
   0.3288181E-02
   0.4110227E-02
   0.4932272E-02
   0.5754317E-02
   0.6576363E-02
   0.7398408E-02
   0.8220453E-02
   0.9042499E-02
   0.9864544E-02
   0.1068659E-01
   0.1150863E-01
   0.1233068E-01
   0.1315273E-01
   0.1397477E-01
   0.1479682E-01
   0.1561886E-01
   0.1644091E-01
   0.1726295E-01
   0.1808500E-01
   0.1890704E-01
   0.1972909E-01
   0.2055113E-01
   0.2137318E-01
   0.2219522E-01
   0.2301727E-01
   0.2383931E-01
   0.2466136E-01
   0.2548341E-01
   0.2630545E-01
   0.2712750E-01
   0.2794954E-01
   0.2877159E-01
   0.2959363E-01
   0.3041568E-01
   0.3123772E-01
   0.3205977E-01
   0.3288181E-01
   0.3370386E-01
   0.3452590E-01
   0.3534795E-01
   0.3617000E-01
   0.3699204E-01
   0.3781409E-01
   0.3863613E-01
   0.3945818E-01
   0.4028022E-01
   0.4110227E-01
   0.4192431E-01
   0.4274636E-01
   0.4356840E-01
   0.4439045E-01
   0.4521249E-01
   0.4603454E-01
   0.4685658E-01
   0.4767863E-01
   0.4850068E-01
   0.4932272E-01
   0.5014477E-01
   0.5096681E-01
   0.5178886E-01
   0.5261090E-01
   0.5343295E-01
   0.5425499E-01
   0.5507704E-01
   0.5589908E-01
   0.5672113E-01
   0.5754317E-01
   0.5836522E-01
   0.5918726E-01
   0.6000931E-01
   0.6083136E-01
   0.6165340E-01
   0.6247545E-01
   0.6329749E-01
   0.6411954E-01
   0.6494158E-01
   0.6576363E-01
   0.6658567E-01
   0.6740772E-01
   0.6822976E-01
   0.6905181E-01
   0.6987385E-01
   0.7069590E-01
   0.7151794E-01
   0.7233999E-01
   0.7316204E-01
   0.7398408E-01
   0.7480613E-01
   0.7562817E-01
   0.7645022E-01
   0.7727226E-01
   0.7809431E-01
   0.7891635E-01
   0.7973840E-01
   0.8056044E-01
   0.8138249E-01
   0.8220453E-01
   0.8302658E-01
   0.8384862E-01
   0.8467067E-01
   0.8549272E-01
   0.8631476E-01
   0.8713681E-01
   0.8795885E-01
   0.8878090E-01
   0.8960294E-01
   0.9042499E-01
   0.9124703E-01
   0.9206908E-01
   0.9289112E-01
   0.9371317E-01
   0.9453521E-01
   0.9535726E-01
   0.9617930E-01
   0.9700135E-01
   0.9782340E-01
   0.9864544E-01
   0.9946749E-01
   0.1002895E+00
   0.1011116E+00
   0.1019336E+00
   0.1027557E+00
   0.1035777E+00
   0.1043998E+00
   0.1052218E+00
   0.1060438E+00
   0.1068659E+00
   0.1076879E+00
   0.1085100E+00
   0.1093320E+00
   0.1101541E+00
   0.1109761E+00
   0.1117982E+00
   0.1126202E+00
   0.1134423E+00
   0.1142643E+00
   0.1150863E+00
   0.1159084E+00
   0.1167304E+00
   0.1175525E+00
   0.1183745E+00
   0.1191966E+00
   0.1200186E+00
   0.1208407E+00
   0.1216627E+00
   0.1224848E+00
   0.1233068E+00
   0.1241288E+00
   0.1249509E+00
   0.1257729E+00
   0.1265950E+00
   0.1274170E+00
   0.1282391E+00
   0.1290611E+00
   0.1298832E+00
   0.1307052E+00
   0.1315273E+00
   0.1323493E+00
   0.1331713E+00
