   0.9456675E+00
   0.9461705E+00
   0.9466735E+00
   0.9471765E+00
   0.9476794E+00
   0.9481824E+00
   0.9486854E+00
   0.9491884E+00
   0.9496914E+00
   0.9501944E+00
   0.9506973E+00
   0.9512003E+00
   0.9517033E+00
   0.9522063E+00
   0.9527093E+00
   0.9532123E+00
   0.9537152E+00
   0.9542182E+00
   0.9547212E+00
   0.9552242E+00
   0.9557272E+00
   0.9562301E+00
   0.9567331E+00
   0.9572361E+00
   0.9577391E+00
   0.9582421E+00
   0.9587451E+00
   0.9592480E+00
   0.9597510E+00
   0.9602540E+00
   0.9607570E+00
   0.9612600E+00
   0.9617629E+00
   0.9622659E+00
   0.9627689E+00
   0.9632719E+00
   0.9637749E+00
   0.9642779E+00
   0.9647808E+00
   0.9652838E+00
   0.9657868E+00
   0.9662898E+00
   0.9667928E+00
   0.9672958E+00
   0.9677987E+00
   0.9683017E+00
   0.9688047E+00
   0.9693077E+00
   0.9698107E+00
   0.9703136E+00
   0.9708166E+00
   0.9713196E+00
   0.9718226E+00
   0.9723256E+00
   0.9728286E+00
   0.9733315E+00
   0.9738345E+00
   0.9743375E+00
   0.9748405E+00
   0.9753435E+00
   0.9758464E+00
   0.9763494E+00
   0.9768524E+00
   0.9773554E+00
   0.9778584E+00
   0.9783614E+00
   0.9788643E+00
   0.9793673E+00
   0.9798703E+00
   0.9803733E+00
   0.9808763E+00
   0.9813793E+00
   0.9818822E+00
   0.9823852E+00
   0.9828882E+00
   0.9833912E+00
