   0.6473341E+00
   0.6477698E+00
   0.6482055E+00
   0.6486411E+00
   0.6490768E+00
   0.6495125E+00
   0.6499481E+00
   0.6503838E+00
   0.6508195E+00
   0.6512551E+00
   0.6516908E+00
   0.6521265E+00
   0.6525621E+00
   0.6529978E+00
   0.6534335E+00
   0.6538691E+00
   0.6543048E+00
   0.6547405E+00
   0.6551761E+00
   0.6556118E+00
   0.6560475E+00
   0.6564831E+00
   0.6569188E+00
   0.6573545E+00
   0.6577901E+00
   0.6582258E+00
   0.6586615E+00
   0.6590971E+00
   0.6595328E+00
   0.6599685E+00
   0.6604041E+00
   0.6608398E+00
   0.6612755E+00
   0.6617111E+00
   0.6621468E+00
   0.6625825E+00
   0.6630181E+00
   0.6634538E+00
   0.6638895E+00
   0.6643251E+00
   0.6647608E+00
   0.6651965E+00
   0.6656322E+00
   0.6660678E+00
   0.6665035E+00
   0.6669392E+00
   0.6673748E+00
   0.6678105E+00
   0.6682462E+00
   0.6686818E+00
   0.6691175E+00
   0.6695532E+00
   0.6699888E+00
   0.6704245E+00
   0.6708602E+00
   0.6712958E+00
   0.6717315E+00
   0.6721672E+00
   0.6726028E+00
   0.6730385E+00
   0.6734742E+00
   0.6739098E+00
   0.6743455E+00
   0.6747812E+00
   0.6752168E+00
   0.6756525E+00
   0.6760882E+00
   0.6765238E+00
   0.6769595E+00
   0.6773952E+00
   0.6778308E+00
   0.6782665E+00
   0.6787022E+00
   0.6791378E+00
   0.6795735E+00
   0.6800092E+00
   0.6804448E+00
   0.6808805E+00
   0.6813162E+00
   0.6817518E+00
   0.6821875E+00
   0.6826232E+00
   0.6830588E+00
   0.6834945E+00
   0.6839302E+00
   0.6843658E+00
   0.6848015E+00
   0.6852372E+00
   0.6856728E+00
   0.6861085E+00
   0.6865442E+00
   0.6869798E+00
   0.6874155E+00
   0.6878512E+00
   0.6882868E+00
   0.6887225E+00
   0.6891582E+00
   0.6895938E+00
   0.6900295E+00
   0.6904652E+00
   0.6909008E+00
   0.6913365E+00
   0.6917722E+00
   0.6922078E+00
   0.6926435E+00
   0.6930792E+00
   0.6935148E+00
   0.6939505E+00
   0.6943862E+00
   0.6948218E+00
   0.6952575E+00
   0.6956932E+00
   0.6961288E+00
   0.6965645E+00
   0.6970002E+00
   0.6974358E+00
   0.6978715E+00
   0.6983072E+00
   0.6987428E+00
   0.6991785E+00
   0.6996142E+00
   0.7000498E+00
   0.7004855E+00
   0.7009212E+00
   0.7013569E+00
   0.7017925E+00
   0.7022282E+00
   0.7026639E+00
   0.7030995E+00
   0.7035352E+00
   0.7039709E+00
   0.7044065E+00
   0.7048422E+00
   0.7052779E+00
   0.7057135E+00
   0.7061492E+00
   0.7065849E+00
   0.7070205E+00
   0.7074562E+00
   0.7078919E+00
   0.7083275E+00
   0.7087632E+00
   0.7091989E+00
   0.7096345E+00
   0.7100702E+00
   0.7105059E+00
   0.7109415E+00
   0.7113772E+00
   0.7118129E+00
   0.7122485E+00
   0.7126842E+00
   0.7131199E+00
   0.7135555E+00
   0.7139912E+00
   0.7144269E+00
   0.7148625E+00
   0.7152982E+00
   0.7157339E+00
   0.7161695E+00
   0.7166052E+00
   0.7170409E+00
   0.7174765E+00
   0.7179122E+00
   0.7183479E+00
