   0.6460590E+00
   0.6477698E+00
   0.6494806E+00
   0.6511914E+00
   0.6529022E+00
   0.6546130E+00
   0.6563238E+00
   0.6580345E+00
   0.6597453E+00
   0.6614561E+00
   0.6631669E+00
   0.6648777E+00
   0.6665885E+00
   0.6682993E+00
   0.6700101E+00
   0.6717209E+00
   0.6734317E+00
   0.6751424E+00
   0.6768532E+00
   0.6785640E+00
   0.6802748E+00
   0.6819856E+00
   0.6836964E+00
   0.6854072E+00
   0.6871180E+00
   0.6888288E+00
   0.6905396E+00
   0.6922503E+00
   0.6939611E+00
   0.6956719E+00
   0.6973827E+00
   0.6990935E+00
   0.7008043E+00
   0.7025151E+00
   0.7042259E+00
   0.7059367E+00
   0.7076475E+00
   0.7093582E+00
   0.7110690E+00
   0.7127798E+00
   0.7144906E+00
   0.7162014E+00
   0.7179122E+00
   0.7196230E+00
