   0.6472131E+00
   0.6477698E+00
   0.6483265E+00
   0.6488832E+00
   0.6494399E+00
   0.6499965E+00
   0.6505532E+00
   0.6511099E+00
   0.6516666E+00
   0.6522233E+00
   0.6527800E+00
   0.6533367E+00
   0.6538933E+00
   0.6544500E+00
   0.6550067E+00
   0.6555634E+00
   0.6561201E+00
   0.6566768E+00
   0.6572335E+00
   0.6577901E+00
   0.6583468E+00
   0.6589035E+00
   0.6594602E+00
   0.6600169E+00
   0.6605736E+00
   0.6611303E+00
   0.6616869E+00
   0.6622436E+00
   0.6628003E+00
   0.6633570E+00
   0.6639137E+00
   0.6644704E+00
   0.6650271E+00
   0.6655837E+00
   0.6661404E+00
   0.6666971E+00
   0.6672538E+00
   0.6678105E+00
   0.6683672E+00
   0.6689239E+00
   0.6694805E+00
   0.6700372E+00
   0.6705939E+00
   0.6711506E+00
   0.6717073E+00
   0.6722640E+00
   0.6728207E+00
   0.6733773E+00
   0.6739340E+00
   0.6744907E+00
   0.6750474E+00
   0.6756041E+00
   0.6761608E+00
   0.6767175E+00
   0.6772741E+00
   0.6778308E+00
   0.6783875E+00
   0.6789442E+00
   0.6795009E+00
   0.6800576E+00
   0.6806143E+00
   0.6811709E+00
   0.6817276E+00
   0.6822843E+00
   0.6828410E+00
   0.6833977E+00
   0.6839544E+00
   0.6845111E+00
   0.6850677E+00
   0.6856244E+00
   0.6861811E+00
   0.6867378E+00
   0.6872945E+00
   0.6878512E+00
   0.6884079E+00
   0.6889645E+00
   0.6895212E+00
   0.6900779E+00
   0.6906346E+00
   0.6911913E+00
   0.6917480E+00
   0.6923047E+00
   0.6928613E+00
   0.6934180E+00
   0.6939747E+00
   0.6945314E+00
   0.6950881E+00
   0.6956448E+00
   0.6962015E+00
   0.6967581E+00
   0.6973148E+00
   0.6978715E+00
   0.6984282E+00
   0.6989849E+00
   0.6995416E+00
   0.7000983E+00
   0.7006549E+00
   0.7012116E+00
   0.7017683E+00
   0.7023250E+00
   0.7028817E+00
   0.7034384E+00
   0.7039951E+00
   0.7045517E+00
   0.7051084E+00
   0.7056651E+00
   0.7062218E+00
   0.7067785E+00
   0.7073352E+00
   0.7078919E+00
   0.7084485E+00
   0.7090052E+00
   0.7095619E+00
   0.7101186E+00
   0.7106753E+00
   0.7112320E+00
   0.7117887E+00
   0.7123453E+00
   0.7129020E+00
   0.7134587E+00
   0.7140154E+00
   0.7145721E+00
   0.7151288E+00
   0.7156855E+00
   0.7162421E+00
   0.7167988E+00
   0.7173555E+00
   0.7179122E+00
   0.7184689E+00
