   0.9452749E+00
   0.9461705E+00
   0.9470661E+00
   0.9479616E+00
   0.9488572E+00
   0.9497527E+00
   0.9506483E+00
   0.9515438E+00
   0.9524394E+00
   0.9533349E+00
   0.9542305E+00
   0.9551260E+00
   0.9560216E+00
   0.9569171E+00
   0.9578127E+00
   0.9587083E+00
   0.9596038E+00
   0.9604994E+00
   0.9613949E+00
   0.9622905E+00
   0.9631860E+00
   0.9640816E+00
   0.9649771E+00
   0.9658727E+00
   0.9667682E+00
   0.9676638E+00
   0.9685593E+00
   0.9694549E+00
   0.9703504E+00
   0.9712460E+00
   0.9721416E+00
   0.9730371E+00
   0.9739327E+00
   0.9748282E+00
   0.9757238E+00
   0.9766193E+00
   0.9775149E+00
   0.9784104E+00
   0.9793060E+00
   0.9802015E+00
   0.9810971E+00
   0.9819926E+00
   0.9828882E+00
   0.9837838E+00
