   0.1000000E-01
   0.1207011E-01
   0.1414021E-01
   0.1621032E-01
   0.1828042E-01
   0.2035053E-01
   0.2242063E-01
   0.2449074E-01
   0.2656085E-01
   0.2863095E-01
   0.3070106E-01
   0.3277116E-01
   0.3484127E-01
   0.3691137E-01
   0.3898148E-01
   0.4105159E-01
   0.4312169E-01
   0.4519180E-01
   0.4726190E-01
   0.4933201E-01
   0.5140211E-01
   0.5347222E-01
   0.5554233E-01
   0.5761243E-01
   0.5968254E-01
   0.6175264E-01
   0.6382275E-01
   0.6589285E-01
   0.6796296E-01
   0.7003307E-01
   0.7210317E-01
   0.7417328E-01
   0.7624338E-01
   0.7831349E-01
   0.8038359E-01
   0.8245370E-01
   0.8452381E-01
   0.8659391E-01
   0.8866402E-01
   0.9073412E-01
   0.9280423E-01
   0.9487433E-01
   0.9694444E-01
   0.9901455E-01
   0.1010847E+00
   0.1031548E+00
   0.1052249E+00
   0.1072950E+00
   0.1093651E+00
   0.1114352E+00
   0.1135053E+00
   0.1155754E+00
   0.1176455E+00
   0.1197156E+00
   0.1217857E+00
   0.1238558E+00
   0.1259259E+00
   0.1279960E+00
   0.1300661E+00
   0.1321362E+00
   0.1342063E+00
   0.1362764E+00
   0.1383466E+00
   0.1404167E+00
   0.1424868E+00
   0.1445569E+00
   0.1466270E+00
   0.1486971E+00
   0.1507672E+00
   0.1528373E+00
   0.1549074E+00
   0.1569775E+00
