   0.2168066E-01
   0.2168820E-01
   0.2169574E-01
   0.2170329E-01
   0.2171083E-01
   0.2171838E-01
   0.2172592E-01
   0.2173346E-01
   0.2174101E-01
   0.2174855E-01
   0.2175609E-01
   0.2176364E-01
   0.2177118E-01
   0.2177873E-01
   0.2178627E-01
   0.2179381E-01
   0.2180136E-01
   0.2180890E-01
   0.2181645E-01
   0.2182399E-01
   0.2183153E-01
   0.2183908E-01
   0.2184662E-01
   0.2185417E-01
   0.2186171E-01
   0.2186925E-01
   0.2187680E-01
   0.2188434E-01
   0.2189188E-01
   0.2189943E-01
   0.2190697E-01
   0.2191452E-01
   0.2192206E-01
   0.2192960E-01
   0.2193715E-01
   0.2194469E-01
   0.2195224E-01
   0.2195978E-01
   0.2196732E-01
   0.2197487E-01
   0.2198241E-01
   0.2198995E-01
   0.2199750E-01
   0.2200504E-01
   0.2201259E-01
   0.2202013E-01
   0.2202767E-01
   0.2203522E-01
   0.2204276E-01
   0.2205031E-01
   0.2205785E-01
   0.2206539E-01
   0.2207294E-01
   0.2208048E-01
   0.2208803E-01
   0.2209557E-01
   0.2210311E-01
   0.2211066E-01
   0.2211820E-01
   0.2212574E-01
   0.2213329E-01
   0.2214083E-01
   0.2214838E-01
   0.2215592E-01
   0.2216346E-01
   0.2217101E-01
   0.2217855E-01
   0.2218610E-01
   0.2219364E-01
   0.2220118E-01
   0.2220873E-01
   0.2221627E-01
   0.2222381E-01
   0.2223136E-01
   0.2223890E-01
   0.2224645E-01
   0.2225399E-01
   0.2226153E-01
   0.2226908E-01
   0.2227662E-01
   0.2228417E-01
   0.2229171E-01
   0.2229925E-01
   0.2230680E-01
   0.2231434E-01
   0.2232189E-01
   0.2232943E-01
   0.2233697E-01
   0.2234452E-01
   0.2235206E-01
   0.2235960E-01
   0.2236715E-01
   0.2237469E-01
   0.2238224E-01
   0.2238978E-01
   0.2239732E-01
   0.2240487E-01
   0.2241241E-01
   0.2241996E-01
   0.2242750E-01
   0.2243504E-01
   0.2244259E-01
   0.2245013E-01
   0.2245767E-01
   0.2246522E-01
   0.2247276E-01
   0.2248031E-01
   0.2248785E-01
   0.2249539E-01
   0.2250294E-01
   0.2251048E-01
   0.2251803E-01
   0.2252557E-01
   0.2253311E-01
   0.2254066E-01
   0.2254820E-01
   0.2255575E-01
   0.2256329E-01
   0.2257083E-01
   0.2257838E-01
   0.2258592E-01
   0.2259346E-01
   0.2260101E-01
   0.2260855E-01
   0.2261610E-01
   0.2262364E-01
   0.2263118E-01
   0.2263873E-01
   0.2264627E-01
   0.2265382E-01
   0.2266136E-01
   0.2266890E-01
   0.2267645E-01
   0.2268399E-01
   0.2269153E-01
   0.2269908E-01
   0.2270662E-01
   0.2271417E-01
   0.2272171E-01
   0.2272925E-01
   0.2273680E-01
   0.2274434E-01
   0.2275189E-01
   0.2275943E-01
   0.2276697E-01
   0.2277452E-01
   0.2278206E-01
   0.2278961E-01
   0.2279715E-01
   0.2280469E-01
   0.2281224E-01
   0.2281978E-01
   0.2282732E-01
   0.2283487E-01
   0.2284241E-01
   0.2284996E-01
   0.2285750E-01
   0.2286504E-01
