   0.0000000E+00
   0.3378356E-02
   0.6756712E-02
   0.1013507E-01
   0.1351342E-01
   0.1689178E-01
   0.2027014E-01
   0.2364849E-01
   0.2702685E-01
   0.3040520E-01
   0.3378356E-01
   0.3716192E-01
   0.4054027E-01
   0.4391863E-01
   0.4729699E-01
   0.5067534E-01
   0.5405370E-01
   0.5743205E-01
   0.6081041E-01
   0.6418877E-01
   0.6756712E-01
   0.7094548E-01
   0.7432383E-01
   0.7770219E-01
   0.8108055E-01
   0.8445890E-01
   0.8783726E-01
   0.9121561E-01
   0.9459397E-01
   0.9797233E-01
   0.1013507E+00
   0.1047290E+00
   0.1081074E+00
   0.1114858E+00
   0.1148641E+00
   0.1182425E+00
   0.1216208E+00
   0.1249992E+00
   0.1283775E+00
   0.1317559E+00
   0.1351342E+00
   0.1385126E+00
   0.1418910E+00
