   0.2166993E-01
   0.2168820E-01
   0.2170647E-01
   0.2172474E-01
   0.2174301E-01
   0.2176128E-01
   0.2177955E-01
   0.2179782E-01
   0.2181609E-01
   0.2183436E-01
   0.2185263E-01
   0.2187090E-01
   0.2188917E-01
   0.2190744E-01
   0.2192571E-01
   0.2194398E-01
   0.2196225E-01
   0.2198053E-01
   0.2199880E-01
   0.2201707E-01
   0.2203534E-01
   0.2205361E-01
   0.2207188E-01
   0.2209015E-01
   0.2210842E-01
   0.2212669E-01
   0.2214496E-01
   0.2216323E-01
   0.2218150E-01
   0.2219977E-01
   0.2221804E-01
   0.2223631E-01
   0.2225458E-01
   0.2227285E-01
   0.2229112E-01
   0.2230939E-01
   0.2232766E-01
   0.2234593E-01
   0.2236420E-01
   0.2238247E-01
   0.2240074E-01
   0.2241901E-01
   0.2243728E-01
   0.2245555E-01
   0.2247382E-01
   0.2249209E-01
   0.2251036E-01
   0.2252863E-01
   0.2254690E-01
   0.2256517E-01
   0.2258345E-01
   0.2260172E-01
   0.2261999E-01
   0.2263826E-01
   0.2265653E-01
   0.2267480E-01
   0.2269307E-01
   0.2271134E-01
   0.2272961E-01
   0.2274788E-01
   0.2276615E-01
   0.2278442E-01
   0.2280269E-01
   0.2282096E-01
   0.2283923E-01
   0.2285750E-01
   0.2287577E-01
