   0.2961373E+01
   0.2965630E+01
   0.2969887E+01
   0.2974144E+01
   0.2978400E+01
   0.2982657E+01
   0.2986914E+01
   0.2991171E+01
   0.2995428E+01
   0.2999684E+01
   0.3003941E+01
   0.3008198E+01
   0.3012455E+01
   0.3016712E+01
   0.3020968E+01
   0.3025225E+01
   0.3029482E+01
   0.3033739E+01
   0.3037996E+01
   0.3042253E+01
   0.3046509E+01
   0.3050766E+01
   0.3055023E+01
   0.3059280E+01
   0.3063537E+01
   0.3067793E+01
   0.3072050E+01
   0.3076307E+01
   0.3080564E+01
   0.3084821E+01
   0.3089077E+01
   0.3093334E+01
   0.3097591E+01
   0.3101848E+01
   0.3106105E+01
   0.3110361E+01
   0.3114618E+01
   0.3118875E+01
   0.3123132E+01
   0.3127389E+01
   0.3131645E+01
   0.3135902E+01
   0.3140159E+01
   0.3144416E+01
   0.3148673E+01
   0.3152929E+01
   0.3157186E+01
   0.3161443E+01
   0.3165700E+01
   0.3169957E+01
   0.3174214E+01
   0.3178470E+01
   0.3182727E+01
   0.3186984E+01
   0.3191241E+01
   0.3195498E+01
   0.3199754E+01
   0.3204011E+01
   0.3208268E+01
   0.3212525E+01
   0.3216782E+01
   0.3221038E+01
   0.3225295E+01
   0.3229552E+01
   0.3233809E+01
