   0.1000000E-01
   0.1201260E-01
   0.1402521E-01
   0.1603781E-01
   0.1805041E-01
   0.2006301E-01
   0.2207562E-01
   0.2408822E-01
   0.2610082E-01
   0.2811342E-01
   0.3012603E-01
   0.3213863E-01
   0.3415123E-01
   0.3616384E-01
   0.3817644E-01
   0.4018904E-01
   0.4220164E-01
   0.4421425E-01
   0.4622685E-01
   0.4823945E-01
   0.5025206E-01
   0.5226466E-01
   0.5427726E-01
   0.5628986E-01
   0.5830247E-01
   0.6031507E-01
   0.6232767E-01
   0.6434027E-01
   0.6635288E-01
   0.6836548E-01
   0.7037808E-01
   0.7239069E-01
   0.7440329E-01
   0.7641589E-01
   0.7842849E-01
   0.8044110E-01
   0.8245370E-01
   0.8446630E-01
   0.8647891E-01
   0.8849151E-01
   0.9050411E-01
   0.9251671E-01
   0.9452932E-01
   0.9654192E-01
   0.9855452E-01
   0.1005671E+00
   0.1025797E+00
   0.1045923E+00
   0.1066049E+00
   0.1086175E+00
   0.1106301E+00
   0.1126427E+00
   0.1146553E+00
   0.1166679E+00
   0.1186805E+00
   0.1206932E+00
   0.1227058E+00
   0.1247184E+00
   0.1267310E+00
   0.1287436E+00
   0.1307562E+00
   0.1327688E+00
   0.1347814E+00
   0.1367940E+00
   0.1388066E+00
   0.1408192E+00
   0.1428318E+00
   0.1448444E+00
   0.1468570E+00
   0.1488696E+00
   0.1508822E+00
   0.1528948E+00
   0.1549074E+00
   0.1569200E+00
