   0.2959193E+01
   0.2965630E+01
   0.2972067E+01
   0.2978504E+01
   0.2984941E+01
   0.2991378E+01
   0.2997816E+01
   0.3004253E+01
   0.3010690E+01
   0.3017127E+01
   0.3023564E+01
   0.3030001E+01
   0.3036438E+01
   0.3042875E+01
   0.3049313E+01
   0.3055750E+01
   0.3062187E+01
   0.3068624E+01
   0.3075061E+01
   0.3081498E+01
   0.3087935E+01
   0.3094372E+01
   0.3100810E+01
   0.3107247E+01
   0.3113684E+01
   0.3120121E+01
   0.3126558E+01
   0.3132995E+01
   0.3139432E+01
   0.3145869E+01
   0.3152307E+01
   0.3158744E+01
   0.3165181E+01
   0.3171618E+01
   0.3178055E+01
   0.3184492E+01
   0.3190929E+01
   0.3197366E+01
   0.3203804E+01
   0.3210241E+01
   0.3216678E+01
   0.3223115E+01
   0.3229552E+01
   0.3235989E+01
