   0.1142921E+00
   0.1144493E+00
   0.1146065E+00
   0.1147637E+00
   0.1149209E+00
   0.1150781E+00
   0.1152353E+00
   0.1153925E+00
   0.1155497E+00
   0.1157069E+00
   0.1158641E+00
   0.1160213E+00
   0.1161785E+00
   0.1163357E+00
   0.1164929E+00
   0.1166501E+00
   0.1168073E+00
   0.1169645E+00
   0.1171217E+00
   0.1172790E+00
   0.1174362E+00
   0.1175934E+00
   0.1177506E+00
   0.1179078E+00
   0.1180650E+00
   0.1182222E+00
   0.1183794E+00
   0.1185366E+00
   0.1186938E+00
   0.1188510E+00
   0.1190082E+00
   0.1191654E+00
   0.1193226E+00
   0.1194798E+00
   0.1196370E+00
   0.1197942E+00
   0.1199514E+00
   0.1201086E+00
   0.1202658E+00
   0.1204230E+00
   0.1205802E+00
   0.1207374E+00
   0.1208946E+00
   0.1210518E+00
   0.1212090E+00
   0.1213662E+00
   0.1215234E+00
   0.1216806E+00
   0.1218378E+00
   0.1219950E+00
   0.1221522E+00
   0.1223094E+00
   0.1224666E+00
   0.1226238E+00
   0.1227811E+00
   0.1229383E+00
   0.1230955E+00
   0.1232527E+00
   0.1234099E+00
   0.1235671E+00
   0.1237243E+00
   0.1238815E+00
   0.1240387E+00
   0.1241959E+00
   0.1243531E+00
   0.1245103E+00
   0.1246675E+00
   0.1248247E+00
   0.1249819E+00
   0.1251391E+00
   0.1252963E+00
   0.1254535E+00
   0.1256107E+00
