   0.6466385E+00
   0.6477698E+00
   0.6489011E+00
   0.6500325E+00
   0.6511638E+00
   0.6522951E+00
   0.6534264E+00
   0.6545578E+00
   0.6556891E+00
   0.6568204E+00
   0.6579518E+00
   0.6590831E+00
   0.6602144E+00
   0.6613457E+00
   0.6624771E+00
   0.6636084E+00
   0.6647397E+00
   0.6658711E+00
   0.6670024E+00
   0.6681337E+00
   0.6692651E+00
   0.6703964E+00
   0.6715277E+00
   0.6726590E+00
   0.6737904E+00
   0.6749217E+00
   0.6760530E+00
   0.6771844E+00
   0.6783157E+00
   0.6794470E+00
   0.6805783E+00
   0.6817097E+00
   0.6828410E+00
   0.6839723E+00
   0.6851037E+00
   0.6862350E+00
   0.6873663E+00
   0.6884976E+00
   0.6896290E+00
   0.6907603E+00
   0.6918916E+00
   0.6930230E+00
   0.6941543E+00
   0.6952856E+00
   0.6964169E+00
   0.6975483E+00
   0.6986796E+00
   0.6998109E+00
   0.7009423E+00
   0.7020736E+00
   0.7032049E+00
   0.7043363E+00
   0.7054676E+00
   0.7065989E+00
   0.7077302E+00
   0.7088616E+00
   0.7099929E+00
   0.7111242E+00
   0.7122556E+00
   0.7133869E+00
   0.7145182E+00
   0.7156495E+00
   0.7167809E+00
   0.7179122E+00
   0.7190435E+00
