   0.6477047E+02
   0.6480225E+02
   0.6483403E+02
   0.6486582E+02
   0.6489760E+02
   0.6492938E+02
   0.6496117E+02
   0.6499295E+02
   0.6502474E+02
   0.6505652E+02
   0.6508830E+02
   0.6512009E+02
   0.6515187E+02
   0.6518365E+02
   0.6521544E+02
   0.6524722E+02
   0.6527901E+02
   0.6531079E+02
   0.6534257E+02
   0.6537436E+02
   0.6540614E+02
   0.6543792E+02
   0.6546971E+02
   0.6550149E+02
   0.6553328E+02
   0.6556506E+02
   0.6559684E+02
   0.6562863E+02
   0.6566041E+02
   0.6569219E+02
   0.6572398E+02
   0.6575576E+02
   0.6578755E+02
   0.6581933E+02
   0.6585111E+02
   0.6588290E+02
   0.6591468E+02
   0.6594646E+02
   0.6597825E+02
   0.6601003E+02
   0.6604182E+02
   0.6607360E+02
   0.6610538E+02
   0.6613717E+02
   0.6616895E+02
   0.6620073E+02
   0.6623252E+02
   0.6626430E+02
   0.6629609E+02
   0.6632787E+02
   0.6635965E+02
   0.6639144E+02
   0.6642322E+02
   0.6645500E+02
   0.6648679E+02
   0.6651857E+02
   0.6655035E+02
   0.6658214E+02
   0.6661392E+02
   0.6664571E+02
   0.6667749E+02
   0.6670927E+02
   0.6674106E+02
   0.6677284E+02
   0.6680462E+02
   0.6683641E+02
   0.6686819E+02
   0.6689998E+02
   0.6693176E+02
   0.6696354E+02
   0.6699533E+02
   0.6702711E+02
   0.6705889E+02
   0.6709068E+02
   0.6712246E+02
   0.6715425E+02
   0.6718603E+02
   0.6721781E+02
   0.6724960E+02
   0.6728138E+02
   0.6731316E+02
   0.6734495E+02
   0.6737673E+02
   0.6740852E+02
   0.6744030E+02
   0.6747208E+02
   0.6750387E+02
   0.6753565E+02
   0.6756743E+02
   0.6759922E+02
   0.6763100E+02
   0.6766279E+02
   0.6769457E+02
   0.6772635E+02
   0.6775814E+02
   0.6778992E+02
   0.6782170E+02
   0.6785349E+02
   0.6788527E+02
   0.6791706E+02
   0.6794884E+02
   0.6798062E+02
   0.6801241E+02
   0.6804419E+02
   0.6807597E+02
   0.6810776E+02
   0.6813954E+02
   0.6817133E+02
   0.6820311E+02
   0.6823489E+02
   0.6826668E+02
   0.6829846E+02
   0.6833024E+02
   0.6836203E+02
   0.6839381E+02
   0.6842559E+02
   0.6845738E+02
   0.6848916E+02
   0.6852095E+02
   0.6855273E+02
   0.6858451E+02
   0.6861630E+02
   0.6864808E+02
   0.6867986E+02
   0.6871165E+02
   0.6874343E+02
   0.6877522E+02
   0.6880700E+02
   0.6883878E+02
   0.6887057E+02
   0.6890235E+02
   0.6893413E+02
   0.6896592E+02
   0.6899770E+02
   0.6902949E+02
   0.6906127E+02
   0.6909305E+02
   0.6912484E+02
   0.6915662E+02
   0.6918840E+02
   0.6922019E+02
   0.6925197E+02
   0.6928376E+02
   0.6931554E+02
   0.6934732E+02
   0.6937911E+02
   0.6941089E+02
   0.6944267E+02
   0.6947446E+02
   0.6950624E+02
   0.6953803E+02
   0.6956981E+02
   0.6960159E+02
   0.6963338E+02
   0.6966516E+02
   0.6969694E+02
   0.6972873E+02
   0.6976051E+02
   0.6979230E+02
   0.6982408E+02
   0.6985586E+02
   0.6988765E+02
   0.6991943E+02
   0.6995121E+02
