   0.2816521E+00
   0.2820878E+00
   0.2825235E+00
   0.2829591E+00
   0.2833948E+00
   0.2838305E+00
   0.2842661E+00
   0.2847018E+00
   0.2851375E+00
   0.2855731E+00
   0.2860088E+00
   0.2864445E+00
   0.2868801E+00
   0.2873158E+00
   0.2877515E+00
   0.2881871E+00
   0.2886228E+00
   0.2890585E+00
   0.2894941E+00
   0.2899298E+00
   0.2903655E+00
   0.2908011E+00
   0.2912368E+00
   0.2916725E+00
   0.2921081E+00
   0.2925438E+00
   0.2929795E+00
   0.2934151E+00
   0.2938508E+00
   0.2942865E+00
   0.2947221E+00
   0.2951578E+00
   0.2955935E+00
   0.2960291E+00
   0.2964648E+00
   0.2969005E+00
   0.2973361E+00
   0.2977718E+00
   0.2982075E+00
   0.2986431E+00
   0.2990788E+00
   0.2995145E+00
   0.2999502E+00
   0.3003858E+00
   0.3008215E+00
   0.3012572E+00
   0.3016928E+00
   0.3021285E+00
   0.3025642E+00
   0.3029998E+00
   0.3034355E+00
   0.3038712E+00
   0.3043068E+00
   0.3047425E+00
   0.3051782E+00
   0.3056138E+00
   0.3060495E+00
   0.3064852E+00
   0.3069208E+00
   0.3073565E+00
   0.3077922E+00
   0.3082278E+00
   0.3086635E+00
   0.3090992E+00
   0.3095348E+00
   0.3099705E+00
   0.3104062E+00
   0.3108418E+00
   0.3112775E+00
   0.3117132E+00
   0.3121488E+00
   0.3125845E+00
   0.3130202E+00
   0.3134558E+00
   0.3138915E+00
   0.3143272E+00
   0.3147628E+00
   0.3151985E+00
   0.3156342E+00
   0.3160698E+00
   0.3165055E+00
   0.3169412E+00
   0.3173768E+00
   0.3178125E+00
   0.3182482E+00
   0.3186838E+00
   0.3191195E+00
   0.3195552E+00
   0.3199908E+00
   0.3204265E+00
   0.3208622E+00
   0.3212978E+00
   0.3217335E+00
   0.3221692E+00
   0.3226048E+00
   0.3230405E+00
   0.3234762E+00
   0.3239118E+00
   0.3243475E+00
   0.3247832E+00
   0.3252188E+00
   0.3256545E+00
   0.3260902E+00
   0.3265258E+00
   0.3269615E+00
   0.3273972E+00
   0.3278328E+00
   0.3282685E+00
   0.3287042E+00
   0.3291398E+00
   0.3295755E+00
   0.3300112E+00
   0.3304468E+00
   0.3308825E+00
   0.3313182E+00
   0.3317538E+00
   0.3321895E+00
   0.3326252E+00
   0.3330608E+00
   0.3334965E+00
   0.3339322E+00
   0.3343678E+00
   0.3348035E+00
   0.3352392E+00
   0.3356749E+00
   0.3361105E+00
   0.3365462E+00
   0.3369819E+00
   0.3374175E+00
   0.3378532E+00
   0.3382889E+00
   0.3387245E+00
   0.3391602E+00
   0.3395959E+00
   0.3400315E+00
   0.3404672E+00
   0.3409029E+00
   0.3413385E+00
   0.3417742E+00
   0.3422099E+00
   0.3426455E+00
   0.3430812E+00
   0.3435169E+00
   0.3439525E+00
   0.3443882E+00
   0.3448239E+00
   0.3452595E+00
   0.3456952E+00
   0.3461309E+00
   0.3465665E+00
   0.3470022E+00
   0.3474379E+00
   0.3478735E+00
   0.3483092E+00
   0.3487449E+00
   0.3491805E+00
   0.3496162E+00
   0.3500519E+00
   0.3504875E+00
   0.3509232E+00
   0.3513589E+00
   0.3517945E+00
   0.3522302E+00
   0.3526659E+00
