   0.9457227E+00
   0.9461705E+00
   0.9466183E+00
   0.9470661E+00
   0.9475138E+00
   0.9479616E+00
   0.9484094E+00
   0.9488572E+00
   0.9493049E+00
   0.9497527E+00
   0.9502005E+00
   0.9506483E+00
   0.9510960E+00
   0.9515438E+00
   0.9519916E+00
   0.9524394E+00
   0.9528872E+00
   0.9533349E+00
   0.9537827E+00
   0.9542305E+00
   0.9546783E+00
   0.9551260E+00
   0.9555738E+00
   0.9560216E+00
   0.9564694E+00
   0.9569171E+00
   0.9573649E+00
   0.9578127E+00
   0.9582605E+00
   0.9587083E+00
   0.9591560E+00
   0.9596038E+00
   0.9600516E+00
   0.9604994E+00
   0.9609471E+00
   0.9613949E+00
   0.9618427E+00
   0.9622905E+00
   0.9627382E+00
   0.9631860E+00
   0.9636338E+00
   0.9640816E+00
   0.9645294E+00
   0.9649771E+00
   0.9654249E+00
   0.9658727E+00
   0.9663205E+00
   0.9667682E+00
   0.9672160E+00
   0.9676638E+00
   0.9681116E+00
   0.9685593E+00
   0.9690071E+00
   0.9694549E+00
   0.9699027E+00
   0.9703504E+00
   0.9707982E+00
   0.9712460E+00
   0.9716938E+00
   0.9721416E+00
   0.9725893E+00
   0.9730371E+00
   0.9734849E+00
   0.9739327E+00
   0.9743804E+00
   0.9748282E+00
   0.9752760E+00
   0.9757238E+00
   0.9761715E+00
   0.9766193E+00
   0.9770671E+00
   0.9775149E+00
   0.9779627E+00
   0.9784104E+00
   0.9788582E+00
   0.9793060E+00
   0.9797538E+00
   0.9802015E+00
   0.9806493E+00
   0.9810971E+00
   0.9815449E+00
   0.9819926E+00
   0.9824404E+00
   0.9828882E+00
   0.9833360E+00
